VOCABUmRUM OMNIUM. 41

οιιιιιιιεῌιιῐῌιιιῌ 1111158353Η3πι3 1111713373 . 1111111733,.,1118,7.3713
ιι unum 271.ss 1111111377,13 111119153131111111115731

1) 1111111308, 6 111131113355227431 1111181111541, 5 9391299999'1,
msa 416, 1. 431 ,mma 11111111341,3.333,1 1111311111,11’513,13.1137, 3
ox315 8 3. 7033 11111113 3516614315131111ι.11733,11333,4

011011111885333 ’,6111317334 1111111113117111,13741,1 1111113135
0 ιι ιιιι 3393777750 79 1111117727 11111751, 3 1171111337,3

οιιιι ιιιι1ι11305,3.30],4 mmmmm& 1111111533,11547,1 1111111377,1
0111 Ιιιι rictam. 5. 6307 ’ 11111111 31310 1111111 111111111ιί37 7 ιιιιιιι 33127157
α”ῗωϋ ⁶²7⁵ ”” ’” ’Μ’ 7:77⁰ 611014. 1111 597 1 ,166316ῗί1ιίῗί ἰιι 1 fflssssffiafu
0579111113 999. 9 9299. 713, 79 31113 111111111131,11.377,1
omnen( iit 554, 10. 5226 11118113853οιᾒ4 1711101111 1131333112οβ
0 ιι mmm 5556 1111111431 7 1111111111 1111111111 716 3
οιί.,ι31)6,3615,1 pannum 3151 2111117855 1111111883
osuen 621,,1. 6.73,1 1111111715 puriter 1383. 7721. 313, 11413131643,4.31211
11117180711111117. 11171711 111111
0115559 1111181 313, 8 parmula 175, 3 1111114356
01111 503, 1171237113, 7. 1171. niden 103, 8 11111115513,’3.717, 1 111111110871193
9⁸..ss 9’ 21111ιί111 610,3’ 8115 11111111913511
0110 118, Ι 11111111155111111113116 putorem 5618
1111111531, 4 , 1111111115, 3 parricidae 3536 pastoribus 431, 1
11111147,3 9191191910 11111331,4.3511,3,.8731οπ,,,.’,ἢ211153367316
...1.,’...1ι71 ,,.”11117Ἣ1117711 11 lm9⁸21·’'·91⁷999⁵9⁰3¹ 113618
(11111111 5, 3’. 214,1, 5. 2151- 731, 1 4. 61837531 1131381111ῗὸ
413, ι’ 137 3 13310 μη.. 797, 19 11111 111111117383. 731, 7141113711 13 8
ova 443, 3. 307, 1 ,.,.-1111111361,11 11111 7433
...1115517 1111111111111111113 93611111111111313, 7. 375, 2 911111 53117
ovo: 453, 4143837671 pamm 1397. 387 7 ἔτι muln 704,1 Ι1111113111 4133, 10
0311108171,ομ1119119111599,9 13117313 511. 4 ’ {mnu 214, 1
071114 7 1711157130,Ιᾶ317 11 11111153.11.55,131103. 1813732181018133,
...111157 ⁵ 1111111111 111 ιιιψιιιιιιιιιτὲιι, ιιιιιιιιειἩιιιι
ovi 1127,,5.67110 ,1.,-..11119791 3583753 7 7..333,1343231012
1111111111 110 ,9999 10 pmfisms 173113 ab unm nihil het· 8136373813 132,
1.,-...5111ιῖ111 111377,13.,.,,,..1,9,,1191144,1 tumme 111111311181, 11
‘²⁶⁵³ 33:993 7919399823 2991939939
μηψῑςᾱῃ 573, 17. 531, 7 314 8053,
118187311111 ,.,,,91119 9997 11111111,11.,ιιι 111111 117171, 79111 51.
ιιι-,1111113313 ,,,.-,1 941 1 791, 7 3155631106 mmm, 111111 31311111ιῖ11 334, ’3
1.... 1111111111 ,1111111111 ιο 9 111111 1111117117
,ιιι-11373, 13. 3433 ,1919 99119, 911, 19 718113313611, 11 9111131111Ὶῦ1, ι
,1111711 45333, 3 33:393121, 1 9¹79, 1 11111111, 313, 8. 313, 3. 354, 1111,17,11,1’12111111’ 1111111119·
{C )“11 ι] ’ , “
11111311, 1617, 3. 3513 ffitffin 377⁸ ’1’1’1’9”1” 1117111111 431, 4433, 7, 11011321. 113, 3. 3733
ιιι 11113569 1111111111 9733 P913, 11 putens 1111
’,’11ι 1171351, 8 ,,., 919 9 999, 19 71171111 517. 345 3 111111111111111333, 1
1111111531, 1 3314. 351, 9. ,1119191 Parthum 31 ‚299'3 11 73233337997
004 111.1171,..7171,41111,1 1110113002 mmm· ⁸09⁴
7111111103, 10 mmm, 9 999 19 panibus 131, 4 307 8, 317, 11117115 voce 001, fl
31111111 1837 111111199119 3 ‘'³⁰27ss 7 putem! 31, 31555. 333,
71111111 ι.711,1117,.ι,711 ι’ 'menumssſtrmwsz ⁸
11111117. 111111 parte 553, 7. 97'7, 1 1491917144 494.2054,6. 799,
1131111171 335, Ι parcent m ,3,7’ 026115130343711. 697, 2
,1111111334 . , , ,mum 921, 30 11111111 689, 15 111611111153113
1119117209 ’ ,1119990180ιό 11311101· 8143 11316111032221
11111317133171 Μη111991119799,111111,11811 111111111113159.’(3.7,1ι 731, ,
111’1’.’1’16”3’63,’4.”469,1.525,3. μἠρ1317,13,761,1 §77:97⁵ ⁴9:7ng 9313171111 378, 3. 5722
3334 3393973313'792 11111231115113
, 1111111 613 3 7966919119 111111111111103 11111515 17, 1. 315, 1, 837,
6111111111 1111111111. 333, 3 1111·11111131,4.304, 13 4- 401.13.’703,1.1111,13’
1111111111714, 1 ,111111919119996 1111111111111111113315 3314172787. 13111. 1037.
11111 1111551,7.’673,5. 0600 1111113874 991139295, 64317 3133. 7993
11111111 1131467113 717, 92333933973 5995119911, 1733333'395133 ,81181οό11385 w33131372338332813359399, 2
33 170,1 1 pumma 177111’38576,18 , 113113711331701, 4. 727, 12
6111111113οΜ μη... 197, 1 99919 919,1171111171513,2744,13 111111111601,’8 336,’4 1
...1161117111 5999 17911111 1111111117, 1 1111 ,711 7. 11111111111111
911110191099149640 1111163611 5 75118. 7099 3’11,7. 363, 1117111ιί1 73¹9. 9
1111,1111373 11111111 97 ’9 9194191, 5 911111111311
111110 ,98364663 113. 3. 373 3 1111111117,1.117,ἰ 7273. 111111.,.7111
11111 11113906 · 1111111131]3,3’313,1.1111,7 855, 7. 42384301, 9'97 patina-9299
,1.111111117372), 11 parens, purlicip. 1 pano 9999. 1321512212, 2011,ίῦ1111587 7. 7199. 720,
,1111111111 7325 1111111111,111’11..ιοι ”’1
3939³9⁸⁰⁵ 51111711 ’.91 .39.‚·..9..,93; 93:399
11111111 22¹ 1111111117, 1171 1, 171, 1 ..11111111 11111111
17111111 6315 911715311131211 1111111 35, 111531, 3. 308 6
,.11,711,1’457.9646.3111’11111117,1117,7 733333322711, 12 115157111111.
1111171311 11111111111115183. 1111111371, 4.,381 1 5716, 7. 575 ,4,10. 734,
1111111031ιῶ 3157 9317311502, 1117255311, 3
1111111111. 9⁸⁰. 10417.1111.11..ιι.,1ιιι,1,117,1,1111111117

⁹⁰..395773 μπιιφιιιμιιιιι 117, nmmum 11111.
palmaque 1133111122 11111115119783 131,3 5. 354, 11 ’,687 9. 310, 8

,1111117331 1111111133 3113313 3,’3.38ὶ, ω’μτιιιιοαιϋω, 1111111345μ,3-38133.331,
1111111 ιι 1117,.,15171 ιο 1111171111

1111111ιί116 10911110113355 1117111111111111731, 7 11111171,ι 316 5.’ 3333 400.
1119116194,111711111111,3.,3]53.330,3 11111113..ι,5....111,.8 ’11,.1 1111371813. 741, 13
9111111130οΛ 6311361111 3110,5’

 

