¹¹ , J · 11414411

oculus 1882388, 8. 597, 0444167941 ” 5004048οῊ67Ὴὸ αι95,5.482,144ῒ1.;.’
106445,.,..57997785,44 041444441445’2.14 969,5 opert¹ 9032 3823818122„
8385 oluerunt 8185 0 4451445425. 618, 44. 878, 849,4.ἴ·.··4.2
(44414443, 8. 247, 8 ‘3888 olus 542, 4. 578, ,9., 619, 8. 42. sam norelffl‚8.1⁸¹1⁴
ocvor Ε14452474 4950, 704, 41748, 2804, 0051000645 , 014445106Ὦο
0441442144 24942 5928 9,5.45”7,9’,04414454.4300,2 onwfflaaesn
708, 8. 412, 44. 789, 40 oluscula 499, 4 0554104045414 8 04144414 689, Β. mr
1444415204, 44, 547, 44 0444414414 728, 40 04541175142 eumd-'2822 731*
0141414 9212. 247, 61 ’144411141404411420 operto 337.ss orm mmo
0140141114 542, ¹3 78315. (4444414402404 0011454115758440 cml-11, 42527444,
4446, 4, 4 4444414411441500 ³ oportunum, 14 04444482
odi 440, 1.258,1.522,1. 0141144117,044 0445111141 colores 8738 1 01114418 Qum!
8900 , 1441114005, 40 operum 55⁴¹, 46942.Ἱῆ 0444573ζὸ
14041141149860 0411511 11485 , 24.,484. 0090 orbans: 4 ⁷ae ⁴.- ‘·' “
1414455442,5.740,19.777,2 54144411449050 , 05510014041114441411111414548, 04055140151141546
78800250 04144441· 24444, 19 03¹¹: t17, 4
014454447144,4.699,7 0¹¹¹¹¹¹71¹¹¹¹513 15¹. ¹ operum 401440 6450 omilim} 8³5.ss
0101456260 01441444 7999 opes 497, 4. 942, 5. 833, 4. Orbe-,¹231 13⁴, 5 ,.-
0144411.4·411,1.524,8 , 1411444444- 7540. 7414117 0414, 18 700. 5. 740, 42. 4440, 45, 4985
0141414151, 7, 731, 4701, 19. (44411444144107044 , j 77414. 414, 441417, 41. othum 37444
71144,7.1411,5,0.1410,4 54411441 444414 , , 4040. 4441441001 144... ..τ-,44
355,5 . 04441441· 594, 90450 . 1444111114· 2528844444 ¹ 0¹3 461, 93,ᾇὲ
0811047810 0411445449. 241, ’2. 255, 4. υ,444444441145·,·4114364,48 “ (4140444384 25⁴7, Ξ. ’44
(414141’170,8.077,7 ’ 204422752247, 448414, 144114154947,40.542,6 6870
0951411445Ιο 4, 9470, ¹333, 0. 378, 4. 0441949440, 44 (1141411426503435
0141591929 . 37⁴¹». 4. 428, 9447 ’40 5444444590,’6 1. 0141144480
0110141414· 9242 474, 8500, 18. 54620449, 1444114411 118,5 0191551014οΜ
0141445414114 70701 1 8 ο,411..44711,9.7444,12 0104115144402
0¹1¹¹¹·¹·517.6 0141554411114414111144141009, 2 0414114414 054, 8 ¹ 04105414074
odorem 211, 8 6227744, 014111514111414 7220 041114141416471 7 01141445 51449, 2 55³, ᾇτ’,
8 0441411111 357 8796, 12 684, 04411145ωο04, 4 10 821, ¹3
0904048550 7 044414144κό95,’9.5824.002,2 0114114554424,8
014144011442904890 omnem 545145 dium, etc. 047. 7 54141445( 249 ’4
4444111141 3⁴84 · 747,7 , ο,4140·4,11.7714,14 011114 thus-5¹57
0514541445441115780 0114114194, 1, 5²¹5· 1441, 1, op¹¹¹⁴¹¹v¹5„1 8. 898 07444, 0111144417· 4
1411444 44041 19141, 1103 1. 17,,9. 115,1.7·014441114-εὰ,7
0444400290 3⁴332, 4, 33⁴.,⁴3 1444419, 0414411411450 8 01140 8759
0014114414 417402 ’ 467,1’4,542,41..”5’,.,5...,’490, 11414514547,44 40 “’ 015231,’ 23, r, *·-2
0044046210 2547, 14, ’14, 550 4 579,0444141414243,2’. 540,1.424,9411,7.55·,444-,4
0445141451119125 40, .4,471 6 ,0514 4 048, 3 1'.¹.⁴⁴8,2 4.117,850.’1,1,.4’4
0447·1414714·71“40,9.809,44 7565195, 12 04440141 459 ¹ 7532 77414
0144454114444047 , 0411511505480, 4. 5429. 5414444144· 2685 .848,2 01·ι-·111141541914)441449,73 ,.
04’41·14(44·11·744,8Ι ’ 5714, 414 4444 1..4,44141,4,144441141144 . oro ¹¹¹¹¹¹¹¹¹3¹nffi¹5351
044544951548980 (4444441441441 ¹¹ 1,8 , 0,.,414144.455’7’,2 , ζ 0144445414340449-,1ι4
076-11144·4620,4.090,2 0414141 54 445441· 4404111144 ni- 544514411111447, 40 Ἰ ,¹ 01144600
017141141114144150 · 4040542470 , 14444441414414440 orichalco 333,ss
0051444141441140940 04444444 444, 0.,75 3. 087 4 0,1441411111·6674 0414413441
1414“1·14·“.·1·.1478,5 ’ 540, 4. 548, 1. 521· ,5. 544, 04445144445444, 40 “ 0111446184ὶέ
0484406122 6. 5¹2, 4547, 8, 677, 4, (4414104410 47 3 91428844, 0:30538333212412
0404141540), 487670 7411,12.7·,4-’4 12 ¹ 0414441114] 4448
0440471440 omnihus 4444, 3 ..4414 ¹..8, (44441414446490 1111011414 4421
041144 7¹30 0 ’ 1 , 48500, 4 5822. 747 ,5. 0444444441-1414720 Οῐῐσίηῐιιοιιρνῳ... ,4
(4οϊ 41414 404 ,8 800, 44 , (·4444441 144634, 6 014544 2424285, 4· ,.2, ¹
04411114 70411,.2764 0. 857, 0154144144414414 714 44 0444414441451. .’4.·1 ,14 465, 444 4”77
44044141’501141115044272219 ⁰1³3 41 44414 554146. 774, 1. 01404411 1027
..4141441915 0444544228, 488 11244, 2. 794, 4 841461 07140410ηᾶ44. 5944
4441414 ,40 287, ’9. 9440, 0. 971, 49112 044444518444471, 7871, 4,799,1 4. 7424
0184450445 3383, 2 942,’ 5. 54440 .,, 044411441440074414 0¹3¹, 0504 081,ss
0831135337378 ’ 6400. 7044, 5. 7·,,177 0414445141111441488, 4. 0370· 0444141544 38¹8,ss
(494444 4448447 0144441-141411441111470 5 ’ 440,4 07044141ωὸ290
0444444524 10 59 ,5 0114144141418.,1.444,9.450, 5415413710 oriunturfflq}
0444511444 042, ³¹. 6580890, 5 5441141444 5429 ·, oriza, norm
2. ·· 17 3¹0, 9 ο44044144ἱ41114604,, 0 1444444541, 10 vom 7787. 0114144144 6059
officium 41440 ²:33, 44 1444151414430 7080 0115414154ῑο 812,0
0115337„⁴,¹1,313,1.3³ ’ 0145155709 , 0444114498, “1.,0,40668,0.. oman· 1837
0454411 760, 5, 804, 5 0145451, 2900 . ’ 788, 8. 700, 2, bis. 0114114 1495, 2
044144 53145 ’ 0441449400 · 54414141144498 ornatum 878,ss
0413411397 01411499, 2 577, 44699, 14. 0441·44148·.,144 1 ’ ornatur 85447
5⁴¹3.- ¹127,ss 414801. 750,44’. 7050, 800, 0444114114144480 0141141414 39 14
0414415414 Α465, 2 8 0444517140 omen· 821 5. 827 2
04114411 5200 1411114411 104· 8 0441444441. 526, 1. 672, 88348 0114439, 54415014
5455144720 04441440 5404 ο,14.4.4,..α.4443,4.614,4. 0141114ιί 5¹
0441444511, 6611087180 0111444144 577, 40 746,1’ 0411140121
14154520,2062,4ὶ.779,4 00414154414020 optimum 586, 12 542, 8 0111010’..467,2,585,511“.4
04514114669,.,070118 04411414 744, ’8 450, 3558,³ 4. 571, 15. 3110484 64424
01¹¹15751, 5 014441444016440 (4140150500
044114 490. 190, 4. 205, 1. 1444445 796 5 ’4441041400 ¹ 0140150950
870, 4. 400, 1. 4970. 475, 11441441,44142425 1444408550 ’ 044441114947,4
’415064 5 1334416002. 0441442000 ’ 144414451414784 , 1714112790
5106 5550090470, 0444· 27, 8. 066 ,2 04441410454·790,2 ’ 0115554. 3884
85171, 41 45. 570,1’.2 585, 1444044574ὶ,’06 ¹ (4441145441070925 ,0141880 2125,th
6. 642, 7. 662 8. 783, 5. 14441114 84009097 (0441141134000 57649
744,2.867,7,884,2 0 415111151113048, 10· 4741141200, 4148, 3. 4ίο, 8. 0140 8100
0441048812, 6 (4441414,415444. 4444457484 99400981016462602, 1114045700
0444114060 14415Γ71,061(14.781,4 5177487 7444275641, 01444346,9.668,4
0381913273218838781. 0411045454114414441141114 895· 788, 18 818, 0.,854 9, 682·.,01444144Ίῧ4,28.1427,8534
’54472 19 onus

0444444900 opem 4445411144 041524, 9. 041111444δῄ7 841, 25925 oryza 65124
0114·1,1·.44,4244,9 678, 65900, 85124 1’,601 1, 3. 644, 34.1 70201 οςοξὴῦζδιδῧῆῧ. 1440
0444145440, 5077, 4. 44744, 7 044441414414441494412 opus s¹t 5144 41’ Osci ⁵387

541411149580445444444451141145105 ..4044147149 823, 42 ‘mim 343²*

 

