1111111111111 0111111111. 11

[ma 2 111111100011 1111111100 , mmm
·1‹=gon ms teneant 8011000107 1111111711 7111111101180121011
11.·11111111117111 1111011111 0705 termes 11111 71111111111111110
vlephe 32011118 1111111711, 18 1111111111 bus 1001 1111111111 8820 ¹
μὲι-,11125012 0110117011 tenuium 2210 111111111οοᾓῖ
&epham 407, ⁵ ῑηοὺοῖθθρ. 092, 11. m, termnum 007 Τ801000 mal
'eb-{snus 108, 8. 800, 7 1 , 111111111208,5.100, 10 71111011111110
mure 11, 1. 1111111111 111111111111.111,1 uma 1111111 1111 7111111111, 1 111, 1. 111
111, 1111111111 1111111111111 1111111111 11
asturem ⁸⁴³‚2 1111110111ηο 11111091, 2. 25812 2005. Thesffisu 104, 8
...1111111 111, 1 1111 tenentur 1111 111111111111111, 1111111111
tullus 01), 8. 1201180 1. teneo, 80110 0 Ι’1711111111112
1111, a 1111101111 1111111 11111111 terra 11111. 111, 1 111, 1. Thetide 1111
2 1111111111 1111 1111111111 tamor , 1111111 11111. 111, Thetidis 111
texo 199.4 11111111111111 12 71111111112
telum 017, 8 tenera 7118 ten-11 1111111111 70112 1 011111117111111111
temer& 5081000.ὥο,11 tum 0, 1. 08, 1. 880, 1. 11111218. 100, 1. 2708 Thraca 7108
635, 8. 07118. 0112057, 81010 21117118 ’01111111117012
3. 0810 tenuram 0720 torm· 111111111711700, 18 Thrace 2110
111111110οῌ 1111111111 0710 1111111101,2202,0 8101. Thracen 81010
temnens 810, 2 . 11111111 7012 157, 7. 0000. 50112010, ’17111111 1002
temnet 620, 0 teneri 7811. 021, 11 15 71111111οο02
Tempe 20, 8. 012211, 10 1111111111, 101110 11111111110111111 8010 7111012817
temperant 08, 2 m, 1 11111111711111. 0 terrarum 1, 1. 181, a 172, Thracum 102, 21101
temffiaemnte 180, 1 0111111010, 12051, 16 8. 712, 1. 8510 Thracius 08110
temperare 494,ss 1111111211.111,1111, 1171111100 80, 112101. Thrax 01001108
temperas 111, 1 1 ’ 111, 1. 111, 1. 111, 1111, 11111111 1111
κῶμοι-11180080, 12. 282, 1111118101 5 7111111115.1.«111,1
5. 0102112118. 8001 1111181,1111,1.111, 10 11111111005017, 12 1111111111 011111
111111η1111111,1.111,1ο 8001. 1017. 10110. 501, 1111111710,2.711,8 111111111111111
temperato 1002 0. 871, 00102. 011, 8. 1111111111108,1 11111111111111711.
temperet 217, 7. m 2 008, 011, 11 ten-ere 707,ss 00110
17110 1111117011 . [11111107000 1111111111,1111,1111,1
tempe 1111111 00 111111101110017 111111110180, 8. 107, 0. thurini 0008
tempesta! 818, 8. 800, 8 111111120010 800, 5. 700, 0. 0110 0111112002
720. 17018 tentantem 1111 11111111111111111, 11111111111111
1111111ε1111111111171172,1 1111111111 7818 , 1280, 8 870 1. mm Thuseom'deTusoe
11111,11.·111111111111.11 1111111111,7.151,18 15108001001111, 71111111101
tempestatibus 111811 001, 18 tenuris 17,1 2. 160, 17 71111111
tempestatis 081, 1 tentasse 1010 terrorem 208, 1 Thyestae 080 2
ωωρε1ι1οη0008200 1111111217, 7. 2008. ms 11111111εο700 mestus 1510
0ᾙῇἷῇῗῖ {Q ¹533&ssss mnf 186111. 11111 :Thhy’ffissfg'gm 111 ’
tem 1108.218,1.271,2. 1111οω11812, 10 1111111111 thynni 0008
M· 1701 1111111111 1111011111 1111111111 7111111111 ’
1111111118Ἠῦιὶ ⁸18, 13 7001111870 0 tertium 8710 ’71111111712
..1.10 . 1.
. . , .
0001008172 mmmmm 0008801 111,. 80111110..111,1
temporam-m 1111111111 1111 11111111
111111111111711111 111111111ιηῦ0λο testa 1111111 1111101181· 7181111111 8010
2110. ¹1. 114, 18101. 11111112111 11117110 7111111111111111111
5100. 8812 80081752, tenuere 1000 1111111111 Τίὺπὶηιιιθῌ
11111 maneum 11117111 mammaeam-:eost 711111111111111
tempore 1115- 1901510 tenui, 111111, 11. 111 1. manento 1111 11111112 1111111111
1. 561. awa, ΖΜ 7. 111, 1. 171, 1. 111, 1111, 1111111111ωρ 111101011111117
⁶⁴2³. 1111111, 1111, 11111, 11 1111111111 11111111
ὅ 389. ¹3 1111111111 1111111110οῤ tibicen 001, 1800011
11111111111111 1111111111111111711 11111700 0 tibicina 780, 12
mmmmm 1111 11111111 1111, 1 111, 1 tibicinium 1111
1111111111 8008 · 1111111111 1111 1111111111111
“0’1“’““””“·““ 0110960111 ’2112100111 10880780
110111111111111, 1112171101 11 ’ ffiffu'h, 1.’1111’ Tibffl: ⁶⁷¹8.⁵
11111111 8088011 mim 1522¹2⁵J'¹¹·⁶⁵⁰⁵¹²⁶¹¹³
111111 .. 1111
111, 111111. 111, n] 313ῗέωῇ '‘2³¹⁸'‘ ’ 'm’ ' ’.θ’ 1107111 1131
11811011 · 11111111 1111 111111111111111111 tigna 1111 111, 1 111,
tempus 11111111 1711 tepidum 1111 tetra 1111. 11111 1111111111
1111110010 ¹ 011801. 1001001018, Tema-,has 8810 tigribus 0718
tenacem 11111110 vim 0221720101257, 1. 7111111822800, mo 0110111110.018
1111 1111111, 1. 111 1 111 Teucro 11, 11111111 1111111111. 1111
[8001140713 12. 1122 110, 11. 100, 8. Tuncrum 0808 Timagenis 0208
temam: 11111111 1111111111 111111111111
tenuem 7011 terquemu 1111111111 1111111111
0011811 7017 teret quater 1108 textis 181. 10 1111111111, 7
mmm 11111111111171107 textore 0201 timendorum 7801
1111111111 111, 1. 018, 2 tercentum 810, 11 thalamo 818 1111111111211
101 1111111111 1111111111 11111111111
811ΰῇ081807 Terentius 0818 Theanum uide Teanum 11111111 0101
111111 1111220, 7. 207, 4 tem 88110 1111111 050, 0 umentes 1018. 0010
10713 terent 111 111110117101 1111111111 1100 222, 7. 000, timenti 7802
0111101111, 1⁰. 111, 1111111011111 11111 1111111111111111
1111111111 1111111111, 11 1111111111. 111, 11111 1111111111. 1111. 111, 1
01111101 tergeminis 11 7111111111 umet 11, 1 111, 11. 111, 1
788011οῑ705, ΗΒΕ 15 187307032017 'lher1anoe79‚2.9⁰7.⁰ ⁴⁰37 Μ’ ⁴231 6· ω11 a
1111111111 tergum, 111111 1111 Thebanos 1111 1111. 1111. 1111 111
mm! terminumn, 11 mmm 1111 11111

 

