, 1777'1111188,7.718, 1

26’

Um 851, 5. 551, 1
1:1711115111 5159
1111111198'14
1215166711, 11
1115115 827,5, 8927. 677 2 8 8178, 7. 883 5

715, 5111, 1 750 70872, 1118186 7115. 705, 12

1117171. 91787 5511151555555188,4
gm11111,1.111,1.,.5511 115· 1155

12 8, 70 111111111115155
g1751175118,'1. 686, 5. 772, 11111'105115, 8

115111111111415, 15 79914

7151777 888, 1 ¹
11527171, 115111177161, 5209, 1.

,11111111771777 5171, 8 11511171811.58,8 17, 517, 1
1,·1717118711771871515 7117777777571. 11111111111
3151151,5..15,5 1111111155251
g751111111911,181.51, 8180, 111111111 28 ,4
5555,1 71177777
gm111s1'11,555.255,2259, 11111111n 15,4 ’
...11, 7. 7771 1771... 777
ξ1117111855,1 11111111 551151151. 5551.
7,·7177·1177.1178,1
,1171115,1.551,1.151,10. 615,1.684,1 ·
416, 9718, 5. 8715, 1 411111111111 11111111115976
g1711cn186. 117,.·,7,.618 1111111 7777177511
5178, 81778 29178 8 71717171 11111 1111111111 '757 1

, 1511181 ”

7771117718. 5179 5 “ ·
77.·11777771117 8565 199, 9

11777715587117171111, 41¹.
1511 17255 ’
7111517771 876, 6

77117111. 8170, 7

111111.. 515 0

11111111111111 218, 2
111111111117) 951 ’
1111111111112112155
1111111111115111 515, 15
771717771. 51178

flammatilis.
817ῊῇΒὸἿὲ3

225, 8. 68917619, 11151, 7777781777525, neam horam 152⁷ 11. ’71ὶη 1 “
812. 5151,1. 8917, 8. 681, 7711177 8544

5729, 713- 784.- 3 ”” .
775 1

honum& 717-11197
7711181111·ιύ- 3951
71111511111787, 2
5015 50, 12671. 1: Ψ· -›
1757775111, 5 15111. .
horrea 51... 3
5011711312 2415·
hom-1157 254 ἐ
6.·..1111715717 417.7.1‘z·. ·

5111111111112552115955 horremus& 12

11111111 176, 5, 1358

ν 1111111115171,1

7777117171 5111, 5 ·
1711177717 711, '5

557, 5. 557, 5 8515 5111150515, 72

hirundine 111111751,5
115117111 13
111=1111115=279 7
1111 11115111 5115. 5

μινυΗΙ, 2,,21 2 747,.7 115111111·5'1,6 1152586822 111711111111164,1

275, 1. 508, ¹1· 4111, 57 115, 11811117 711, 8
72. 527, 70 11511 11114118
11171111 811111'1t1p11111 55111'111-111511, ..5717 1717, 800, 5
11·117,1 111511151 1
17711155, 28150717 ’2,80 11151711115459
7115‘1.1'·15,5'557,5' 117.....771’7.1771
58,1 58518 111¹c1111:551,5
1'171111117217, 5. 5154 11171111'· 1· ·1, 1, 191, 5
7701 10155668
g·1·111'‘1111·895,3 11111011511515
1315111171151,8 1111·1011¹111559.1
115115 151121155. 11151171181, 1. 4175
5119,8.557,,8680,,17171,1777177611175177719
1785 ’.’,7 111711717191, 5
1117111111169796946896, 77.·711777· 15919715
177··.1’-”.7.771177’,5.510,8
1115·i115528,8.599,4 41111115 10178
11:5151515511155551.1111101155115
55555511,8741,15 7717571777· 1992
greg 1³111185 10 11111101555, 1
131151152111, 7, 280, 1. 5524 111111111111111556,8
1:11¹ 5551 . 1111717111· ·77,1151
11111155151115111111¹¹111115557
1115150 5 11171148 11111711111115515
111... 1151 2152
1111171111111 ⁸656
117ὀ11117715778,7 .
1:1111‘111 555, 18

17777771 155 ,6

579,‘5771,.7 789, 7
17111 11770 877, 7

gustarit 5119, 15 2
Herculea 195, 2
1115711111171 881. 12

1151101 555, 77
37717717· 587, 6
gutturi 491, 8
121111115 5755

17,-71 2217, 15. 265, 1
(1188 2551

Gyges 151, 16
&1106952

Η

11 .11113'11 732st
415111115 857, 5
7757777119 ,,,,, 8
1171111777171711-1, 10

77171177777177771717· 19, 8

7.’“ .1’7 1, 5

111. 5565, 8

111¹1·'1.¹1111111.182,8

1151115 8778

1101·111¹s1151',5
» 111¹·1111551115,5

111 11111117145 552, 2 59, 88,

5555

1111111111111111 1112, 5
1111711717· 71,ss
4111111171111117116, 4
115111111 751, 18. 7115 9
7717171711111 881,1·,781,8
7171117111. 555, 18 10
7711777.) 072
1111510111511 AEmoniae
11'575115'9414
1111511715111 155 ,2
51¹1·1115.1551,5. 676, 9. 617, 4. 1785, 72

ὓ 111111215111,2
111 117119 9,2 111¹< «171-777122 1
1781771811 ·77777777 7.....»...1177, 11
11.1·17=115·111513,7 h1¹111³r11isk¹910
117111111111 17,. 717· 7 55511515111115,2111,7
1151511551111, 7
11111111111151

1111011-15 1
¹ 111111115551
111111511 8178 10

1711177 715, 1,.717, 1
771.. ..71771861

7771571115 7717

1111511 115, 11551, 6. 597,
1:111'11721,5 ,5

1111411 5211, 8, 755, 2
1111153 711, 5
1:11173135 155 5
1:11511117111115 722, 8

ψ 11111131118 5555105, 8. 795,

111-1111'1115 21791. 15551
711. 1111'115 155, 6

’ h111f'1111'11111‘. 11111 1111Jus gme-

11. .687,17
11111.11151111111519„11.5386,
4111111171110- ··15,2
1111 ’717775 Ι
1117171. ’52,1.811,2 -
1717111715 725
1111710 555 5. 5555
11117111111 91, 7
111111515118. 5855
1101111. 116171, 8

5057111515553
111111711571‘1! 9
17711551ιωὶ
7151586586
howel-1854
5517721451.25x.572·
Rffi,!1.ffi411.521.7
50115111 11512321 1

’ 8

5011552 16 2 1228 27.
871, 7. 511 ’.·.·
1.......17 7111
1711171711* 115, 8
horridus 1735 Ξ 5141
71 1117111117 577, 1
111111711’1111 ’·.1-’77
11811511 655⁴. 18
77.-7177711 151,ιό
1757175711, 1²: 1³1. 1
5115 526, 5
41111117 105, 4. 572 1
11511.. ’;.·7..1 «1454
bo 1111111 5¹1 :³

11511111717‘ ,7177,2.,,81168ῧῆ 1111511ts¹¹“' ’ ·.·ζ

816555151

- 111171111115111 187 7

111. 1111115111 535 2. 586, 2551,
11 55'1,9.195, 11

δή, ,·.
711.s”».1. j
55577117

41115111112‘1845 ⁶¹⁴

1111111111121'511,51194,2.5551 11-111'17111491 4

117555
917,16

7891, 9175, 7. 1111-11111711511 118,2

0011111115ἢῖ

11111111111197 19585812. 11515114112125311

1355 1. 8111, 5
1101111111s5111.511,9.774,

11111121-1855551,5.,8112 9
“ 778,.4788,6868,10 71117177777171711.258,18511, 1111511619ὶὸ

7187111171 7117. 9 12
110511'11'11 71717, ’7
1111811111115‘15‘7 4

75117. 771, 9 555⁸ 511111711.111·u1s
77.... .7·, 5151, 21. 518, 511711751ζ17, 5154251

5.96,,8

5535215

7711517871, 4. 511, 55:155 11011155· ,’1, 1. 5817, 1. 58171, 501m171,1.71151

578,2.5172,.5712,71.874, 1771771717

7711171117 717, 1 1.7111,1
7.......11711777717 .
77 77711717 813, 8
7777771111701, 5. 555 7

115211111117 25118. 598, 1. 4911, 77..717·..17.·.711771,.858,7

7717777 ·17. 171777.. 789, 5
1711771· 117 881, 77

011112101

5075 82. 2 8722
110 1771715 181, 15
715..77·7,..-1ῐ7,2

’ 77711171·1·.591,8

77851177· 70, 7
71...1771.177,9
1751717 7717717· 117
111511111111-1525

7117.777178·711,885,70.488, 11015501511,15.u51111153. 50:111 25551518211'1:

5155

1711117111 ’1111 708, 6581, 6. 515, 11051111111 2³5, 1. [8111AE

9. 8121

17777131117801,1 ΞΟΙ, 9. 525, 1.
, 7¹11 ··· ··

11111111171111115858

111111111 1177. 75,’7 5
11.ιι7ι711’”·17,17.11,.681879,6

0 5171. 571, 8. 674 70.
1151, 8

1711711111 5155511, 115
4515, 12

111171511744111189

7181777715· 55, 78 81² 9
4151111117111 151811251

118111117‘: 87177550, 12817,2 1111551131116116 2515117, 4111111511155111

1111111511'1111111'11631 1
671717777117111777719, 15

111111115151 9 .,101 41496. 19111181108 27777717

1177111111 887,15

1751117771 881, 8
11111111111111 781. 5151

1551 555'5. 1181, 117777, 77, 5..01,‘1571,1.7111, 111111171111111441,. 9
711117777228,7.1786,6,798,2 7751151697, ¹13511551115 688 171111111151 ’.172

11111115111155 71

11511101112110 821, 11⁴5
5510, 7, 48-'1 a 1815

111s11111155555187, 4111110141117 5,5. ..17,2570, 69512

11111110111 18515151

1111532-131 12, 2155 25. ²

110111111112.5575,15.511,111171117111187,55.1,⁰

15755

111111117111 8111. 7

1151551'1-1.21.,12 5555. 11u1111271555211751
551551017155515 1111111111114‘11111

5511,7,11.711,1

711171170ωῶ6759,7

 

