70077997077977 OMNIUM.

..77.-rarum 70 ···-. 9111119914 primam, 1181111111 mmm·
..·... ,1791 . 9191 praetorius 671, 9 18411111 281, 5 111 2
munem 16 11 1119111411... 8681 pr7m77 1411176818 1191168911 .
,’1. conis 492, .,827 7 72111111ωό9719118880,1 97911811887,7.4888
..11199188128828419189861171111119 91191916919866,6 992,11194119689, 8
173, 5 1119118911 11111111 sodalium 171 5 111811161122,18
111-11111114 488, 2. 482, 81 prndivisset, 9481 milit· 9879118)ᾌῦ.448, 448188882- 979811428,.78.48),1 874,Ιῦ
1·,1111 5191118195 761,1.,876219777,1.
μοι 7rrrere't74,9 11111411489,1111198’118,5 8629861148
.·,1 curreret 5827 maderet 881, 9 1119181114 281,1 humidus 799,9
77.-7777 ³237ss- 886, 70. 166, 9111119878, ι’ primores 8185 9184111111756,7
ι.ι 11477 11111141869,’111111811111878,5111841111111489,8
77:777171. 849, 11. 7991 1111191559,2 9149191117, 77. 9977 884, &mmmmm
,111-..111111 27'9. 7 9181991881, 8 n 70
111·.111111118.1918 91919468, 8. 168, 2 prim77m578,2 1191411981 8
..49111161111114 1991118914 111918,81816.111,91411184Μ91196416
,.,».- ”.11-9111115222 1179111817,.,.,881787888 2277, 2642766887, 9798191882
7. ..1891111818 1111181411 11913111Ή111118111 prodemmwe, ·
,...111111117,’8 prm 256, 7. 571, 126595, 2 podest 187, 2. 828, 9. 776,
’.1819111914 167 9 7182 111-11111117,.9989,1 188 8. 77
77³7 7¹ ,111111109919811 7 9797991886, 12 401, 7. MS, 10. 979, '77. WMQSSMO
, . .ζ’.......11112,1. 811 1 1111411141, 2714, 91591. 070' 11111. 758 ,18111 1181111111
91111611 1·11111717112,2 871),11 184188, 88822 ΡΜῙςὶΠΜΠῌ
1....111.1·.·,716.718.158,2.111111888111111181 19168811711191881, 1111111581
75799999‘90999, 1111148411111111111169,”’1. ,9 ,18161115119781 111
1 181,1.118,8.111,1 ⁵ 1111111ρέ9119, 18 7977727977777777,
7511, 11111,ιί 11111515,1784,2 pr7nc7p700,9
111-ι 7777· 61, 3 9741887911 princip 1111118891 1188118914
1119·1“111111·1’Ιὸ,6 , 97979199860, 10 9119111111874, 2 [7700797 976118
111111.. 817 9111196288 principium 278, 2. 8911, 91861181.·
111. 11111 217328 1117711115 551, 5 produoes 487, 77
1.,-..’.111118,1.891,5151, 1 precamur 12 1.185,8 99144991814191 111-8811411182ὶὶ
577) 1611114111711, 1119118175 1111814””’ὀ6, 1. 5618, 5611. 1181144118777
2 8111 11111 1111111 181,’ 18 6915. 1811111118, 1118111118. 1411
Ρ.1’·.11·1’1·268, 2795 2 9119111856 5 7. 889 6 produxerit 8616
711111111111581911144111,6..88,1 181, 7. 1111814111’,681,188117 11181111119111885,8
1.......14111911”816,2’865,7.166,’.11 991918959112888, 11111899 1
1..·ι.181111111885,2 , 688,1.,776’2..’,812,7887 1.,8765 1911192898
111111. 1111111766, 18 11 1171811241,1.76718 profanum, Μ’),ῦ
1191111118111111486, 1 994189168871,7 1111181286, 1119412811, 2 111119119288,1
1197189698 51816 prece 11111111 7861 6621 9911118718
111-1111,11111496 2. 761, 5 precemini 78111 9111111 881,12 proieci 997, 18
ρ... 1111186718 numism& 1111141812, ’11 177070770909,9
11111 1111111761, 1 1171411281,2856,1.868,8 prisci catonis 999,7 9181191782... 7
,1111111111 451, 0. 458, 1. 181, 70. 1181118814 11818... 007 1114. 114 ³
1111 ..1 41111116828 812, 5 1111148 161, 6. 818, 7 proferre 11811411 8811
1.. ·.ι’. 'criptum 18111 212, 1 1111411111ηά11 192,1 priscum 876,1 1118111181 886, 5
1117111111134)22’)7,5.Ἇ)7, 1111119166),8 . riscus 661, 18 1119141.111111,·11671,1
1118116 6117’786,8.’11144181186,8112,2. 888, 4181117648 99611116688
68288812 18. 685,’8 1111117884 11181111 11 grandia turget
1111.41111111111111118768 111-1481189121 2. 8822. 1111991125 875 5
111... 11111· 177, 7 611. 116, 2. 1117 111111111718, 12 1118141111 685, 8
1.·..1111116711111111811495 11111881 uris ¹9990 11111141 111 1214, 6, 851, 5
1111111111 8291 11198111191 919118121281886, 1. 887, 11181141415966
111111111116-12,6 1111199762, 2 821,18 proficiente 866, 11
1111 4111611121, 8. 865, 8 111491111881, 8 punto 872 8 111861114111149’781,1
1111116126 8,8’ premendo 188, 9 11111811121297888518,1118641111111185718

11111118781211’141114141258,8 9 111811111111896,1’6
11111. 1111114 57112 8117.11,14111121 1. 815,7 1111111768, 8 1111111111 7682

.866, 8 · 11141111111684116712, 1111111111 997, 2 11861111111

ἵ 9111168812858 9975, 9.799,0'007,.5095,70 911111197122 1181111761824

·,111111111111227 1. 791, ⁵ 1111111141 11118111178211 pr07777777779,9

’ 914116119212181858, 9119111916181 1111111685, 6’ 821, 8. 616, 8. 11181.1111111886,.,78828

prensare 587, 6’ 861, 7. 909, 77 1118121111611111 8, 2

’ 11,-’.1111111767 2 prensus 2112 1111111111 688 6 1111111·111111118’7’8,8

11111 1111167967Ὧὸ 11111961, 7 858, 1. 182, 8. 1118,ι“.1.14411111111111518,8 1118 41114111 781 2. 1216

³ 111· 1111111777, 79 178, 8. 6791 111811168911111117822 proge7777s999, ’1. 8668

J 1111’.111756,18’ 1114111681,18 1118111 8998 1141111111818765

· 11111.14111767,12 · 11141111 66111 1118811989 111811111191524, 7

J· 1114988112 · 11141111.1788,11 probant 98718 918119111915,’20

ι 11411115182 11118117194 probante 16, 9

1111·1111411,Ι,’111. 7907 2 7. presso 168, 2 probantes 782, 8 118808 ’288488 ⁵
717 1118111111 118, 8 11188111 497, 9 11181111. 11111 577 .7, 9

ι 1111111111 682, 11 9141188291 828,12871,8. 11186111 887, 9. 8816 prohibent 171, ’2

111111141111118668 . 116711 1188118616 9191161958ὃῇ2,,7778886,
11111111111141111 782, 6 1114118111 812, 2

Ι 111-1111111566, 9 999, 18, 9781181111. 77412 1118641511,.,78111 ’ 9181189821,1

11
7

6161 · 9111111111968,’8. 995, 0. 999, p7077079007970, 70 1118616414 1621
1111141111 6127881 8.,5271.919,16.779,18.1181112711 1770j77777707,72
11111111111111671,4868,1 866, 77. 816,7. 997, 9. 997, 1118111156512.687,8 projectum 1518
11111141111941 7. 889, 6 1994416818 1111114114 611, 6
11111414111111111878, Ρ1111111’68,8.282,7.251,1.1118411158,9 1118Ι 77777 7790, 1)
1119111111 770 1 888, 8915 8 881, 8 918116111821, 7. 8898 1111111· 881, 8’ 128, 8
77777770709‘772 Priamiden 9897 1118411111 70, 79 11181195898
11111141181111161 6111111111 11185118 1111111 16117118 111-81112881, 866 ,970779
111-1114111191111141611111888,7118111182,11 1118411111181885628791118114178

6 Priapum 5691 prolueris 675, 6
[14816198519 856, 11111Ι1111.1.27,6 1118111111186,2 9181111115161

11181281918186914.118411111161.1 1118911885, ’8

1989662588, 8781, 77.·..79779927 7, 7. 711, procern777,93999,9 p701777957,’2

,1719 91841141811,111181181111291185,1’

 

