VOCABULORUM OMNIUM. ’ 01

1111111101θὶ2, S 11111ι1·1010,1 museum 404, 0 neget 114, 5. 101, 10. 0124
annianum 102, 5 1111111019,3.500,1 nauseam-1 11111111011011510
nunant 71112 11111τ111201,4.704, 10 1111111115,1.110,2 55041 neglecti 2150
uun-uuum 100, 1 1111111100ζῦ 11141111’406,1.506,0.551,6. neglectis 504, 3. 0010
nmmum 011, 8 1111111013211, 1. 511, 10. 106, 5511, 10 neglectum 12, 6. 120, 12
mutare ’10,8. 114, 10. 129, 1 1111101154οΛ neglectus 2401
0. 500, 1. 181, 2. 021, 4. 1111111105, 10 1111114514100, 4. 2144. 15ς11ς1114211,1
000, 1 narret 00112 411, 1. 40110. 551, 1, 0 1114111811 025, 0
11111111151214),5.104,4 1111115150 111,0,1.37 1. 4111. 1-1,4. negligis 111,0
mum 11, 4. 051, 1. 441, 4. 11.-1111111111 11411111 111, ι. 111, ...1111411115
51110110, 9. 11111, 1. 1111 11.-1111151111 · 1. 111, 1. 111, a 141, a negou 9211,ss
4. 151, 2 1151115100 111, ιο. 1111. 1111, 11 1111151114111, a 041, »
mum quadran 1041111414 nasceris 401,5 3506. 3511, 05050001, 0. 000, 2155, 210414.
133, 11 11111111 1115 e. 4111, 1, 411, 441111 111, 1. mm
mumm 18,1. 150, 4. 015, 16 1111111001 506, 11. 512, 0505, 1, 11. negotiis 41111
1111110105οΜ gaudet 102, 8 111111011ᾶό6, 12 525,1.521,2,11“1.550,14 110141)1111051,1
mumma 106, b. 44011121, 11111111112004 5541 uerno 505, 1. 510, 2. 514, 0.
21144 111151ωὸ111,0.000,0 1101111111111006,5 5111, 12. 510, 11. 510,1. .
mutatis municip-bom. 545, Naxiae 18110 no 111111· 112011. 725, 1. 050, 510, 4. 505, 10. effi, 1.
0 Nmidlene 721, 2 1. 000, 0. 00112 121, 11. 857, 0
· 111151051112 111111111πὶ 7102 ne longum 1111111111 543, 4. nemon 514, 01000
ffimnffiummm- 502114111111111, 14 1411131515. 1. ms 1133114110ιῖ1
ruptum 620, 0 5111111106, 12 ne quid 511, 9. 6051110, nemorum 004. 320, 4. 013,
mutatur 111 horn 001, 4 nasus 002,ιο 5 , 1
mumma 404, 5. 0014 ,1141115204 1111111110,4540,2. 010, 0. 1111111411, 0. 500, 2. 055,
‚nutaverat 718„ss 1111101 5. 311, 1. 514, 1. 05111511 4111111. 1111. 111, 1.
mutavit 404, 2. 040, 2 015, 011, 1 ,1120 1111115161 501, 4. 10011 100, 0. 001, 11. 0011, 10
2 “111101057,0 1111, 1111111·ος.04111011.261,0. 1101111105.72,1.201,5.015,
munem 700,1 natale 00111 010, 10, etc. 1. 541, 0. 000, 4. 4541.
mutet 425, 14 1111111111, 5. 2041 Nema 413, 1 11101115
111111111111564,5 1111114020, 0. 010,11 1111150040 1110111111· 50115
mutis 014, 0 natali 4012 1111111115 11111111 411, 0 nepos 41, 1
01111111 154, 2 0622 natalis 221‚5 0411111111, 5 nepos, pro nequam 420, 0.
muto 763‚2 mam 6501. 0504 nebula: 001255, 0 54012
mutor :ms natantes 117,1 11111115111007,10 nepotem 1502. 4000015,
mutua 100, 0 muntia 10, 1 11151111111111511,2 0
1101110200, 4 natarunt 10,1 111111111111111, 5 nepotes 12, 6. lm 0511,
11111110Ήᾶ 111151474150150025 1111110114511,4 10

mutuis 11101 1111101,1.131,1 1115,ε.1,111,1,4,11., 1111111511,0111,1.111,1
mutum 5300 11111151210601120500. 20,422,0,1.20,4,6. 121, 11111οο1111151,1
mutuum 411, 10 61411 0, 4. 400, 5, 1111. neffitum 100, 0. 314, 0104,

Mycenas 00,4 111111111τεί11 .102,1.111,1 1104111540,0.550,0.554,10.
Mygdonias 101,1 mle 111114 011, 0 000, 0. 1157, 4 &ptumi 0512
11111111111114315ῥ 1111ορ1111Ιί11510,5056,5 necnon 1021 5100111114 401,1
myrrheum 0004 111ω110,5.110,5 nec nunc cum 0605 511111111114111
Myndum 1111101220,0211,4001,5 nemim-5³ Νεμιωιυωο520.111,6 ,
11111101015 nameus 111115110144 = 1111111114020.411,12
11111112540021440. namgmndins⁴‚⁴ moabitss7,1 nequam 111,6
110,1.259,10.001,9 1140151100,4.510,5.514,0, 11εωί1000 nequaquam 0112020, 0
15)·11111111115,1 1. 515, 4. 60114. 020, 2, 1011101141 , 1144111011101020020,
111)τιυει45,2.211,2 8510. 05020050 necdum 0214 451, 4358. 002520,
Mysorum 1115 naumann· agendis 1115 1411111111 11, ¹2 1111411, 4151,
1111011151 uatum ⁵12, ⁵. 5114114, necesse est 5411- 0201 11. 555,4.511,1,0115,
N 11.520,1.029,1.504,2. 0110201010 14.11“4.611,1,ε4ι.
510, 0. 500, 2. 571, 7. son, 1111141014 13,4, 1025. 210, nequeas 629, 1
1111111111 4. 511, 5. ese, 1. 011, 11 51114 111110114111111
1111112010 012, 0070, 1. 700, 2709, 1111114516 ·“ 111111010140154111,
1141117051 5010120011. 001112 1111012510 12
1112111552, 12. 41015. 130, nugam dives opis 11111 514, ιιεοιιιέτίἓζὲθ,9 112505 πᾛὸιὲεῗυῖῗέ 1304 64, 25.
nee ι , . ,
1151111101. plumam 1111111111 110111401115 11111101,ἣο 1111111115θο11
11511111,ς111“ .154,1 1111111141111111111 0451 111110114144055 111141111010410100, 14
11111110,ρο111 4 1111114111 111εο004 1111151105 nequiores 201,1
51111114, Mem 60), 5. 1111. namne 100, 1.510,1.011,5. nectit 021, 0 111(1041544. ⁵· 551, 11
navius- 112, 01002 nedum 010, 4 nequitia 600, 10 .
navos 115, 11 11154511111114111, nefarius 111. 4 nequitia 10, 11011114
1511101411 2 1111111,041,1.11,1 11, ⁷
11111111 01, 1111, m, mmmm 0. 101, 4. 101, 4. 254, 11. 1111111111 0001
ame. 11114111 maurinam 11111104041111, 0511115011
4141461, 1114114111, 11114111,1111,1.111,1. 4. 4111,4411,1.411, a. &mumma
11111111111111. 11115111. 1111, a. ⁴⁸1,12 . 1111111111
50011511. . 001, 1. 6111 2. 640, 10. nefas 1141114010 04106451
111111111511151111. 611,1.114,1.1ο1,11 nefastum Nerounswo
454, 0. 410, 4. 520. 11504, 1111110101 1111111010οΙ 14010111 0501
25010 50015110. 1111111171, 120100 1101115115ηό · 1111010111 0100
mmmm 11111111,1.151,1.141,1 1111111011 115151111104110,
1111511111οῦἣὸ 111111114ςὶ11ιηῦ0,5 negabitis«) 1 4 , .
miluus navibus 26,202,4.461‚2 negantem 11 1111104 1101010141οΘ
1111ο141,10411,1440,1. 1141011411 negares 911,a 1111111154
4111 „mmmm 10,-1 11111111111155110501, 1111152040. 010, 2011, 1.
1111111500 1111501110 , 3 1011111111
14110οΜ55500.Ἇο 1111111120,0506,5 1411415100 1411041000
nummum 111111111- mmm, 11111111,1111,1.51ο,1 1111111111
marimum 1111, 1.1 111115 011111011510111, 1110111111 ’
smmi 14111 11111, 11 1111111114, 11. 41111
1111111110Ιο10 11111111015100112000 11114111101,2.241,0.041,1 nosram
1111111111οᾘ mamam mameae& . 1111115111154111646,
mre 0401 navitis 45054012 1111111111 5125 8
mm 0001 11110113101415, 1448, 1111110411100212 141110110301,4.501,12
mm! υ0.461,9 „m- mantuana ‹ 111101100110

 

