VOCABULORUM OMNIUM. 33

5644,415771.219,1.606,7.11711115290,11 7313131111e932,8 7771117777, 71111 1114417471. 474,
74, 669261117142411111177122 0. 526, 6, 11, 657, 11. 999,

115,ι·.1ν512,6,,.,2662604 1.)11141·1777569,5 71711141144526Ἶ654 12 10
7, 601), 7 lympha 160 6196, 4465, 7771 or 17 6. 2624, 240,.9 1111177711511111. 46114

’111174 496, 6. 661, 12110, 4.556,1 626,1.661,1.416,9.126, 1771117777, 1141176. 6126
10 7162 11144 14146766,,77.6176,7 766, 4 577 7, 74, 545,·1, 646, ....,.11441167 7
‹lum-2113, 1. 657, 58106. 61) 516171, 16 76112 691,111171116,7116.7111711 00, 4 388
’57 5, 13. 4197046659, 1111114111111140,5 9 3
1·.4 666,,267510 1111171714 4466,5,566,4 m1i111ju1·enun1994,8 77711171,.111’.141.60,7 410,1.

,· ·..177777 1071177751 147,1 1177111264, 1690, 4 majora 541, 4. 484, 4. 776, 515, 6, 541, 661124

1141111477151571115712691 11511145. ·.61 . 9. 605, 6 77711511171411179),7

..411114 626, 19091 3111‘11117213 14 7677114117 d999, 7. 559, 33. 666, 7711177414171151· 4129

..111114 11711665, 10 11771 49,1.67,5.166,6.621,1.1151,’.7 77711174717714 1771141174 641, 0

14449, 111142141 9252.7.4,0,6,-“10,16. 7771711411116214666610. 177177.171.1·171711·1·4·,11171711.6

11.·-·11·71·1·,41)4,2 01216 6649114926 6117771747 7111775141,1

3111111311113 922. 1333 11171· 2164222516664, [1111477914 7175,5.116,11.826, 77,177,1141176,6

41111114174 2526,ss 6. ’51.,·’7 2. ·161, 17. 6111. 14. 11. 116912 177717711711164,.. ’· 4333

’· 11111113 14 1714111526 9093 11111011 ’4149 777177177111717· 466,5

ιιι... 151472 1. 1) 71144414 7745157117111569 ,6510941061 177. ..7579117 221

1114119944 ·),11’1,·59105762 15117111· ,1171777 2 n1111111459· 16

1177711771190,15.706,1 11.-1111166519 7775117714. ”71, 1 717·77111665,6.696,1.901,Ι
44·7711ἰ71·· ·,112,2 16) 4 M 1771171111712Ἶ1.611,·,1616, 61177161106
117747117117174 919 6 777577111411666, 10
1999 ’411 5.1·.'3,2.181,10. 3311071101111,e 1771171450,16.264,11. 291, 7111771114114155,9
1··.·7,4,660,2411,1-4’19. 17111111791,5 4.67·1,1.6[·1, 2.·,150 16. 1111111111111111 113³,
7566 ,7 1711111156906 bis-7371.. 56711659 ,.11 177514.·11777’65., 11
3u11a⁸⁴ 2111, 9. 810, 5. 371, 8· 7775111111116 56, 6 719, 5, 140,14.1·11,2,506, 77717111114711,1,2
302 997-,3 3. 7422 1716111476... 9 19 1171771117·1·571,0
¹0¹¹ ι”ι 213. 3 4411,2. 4⁹4 9 nmmum-5113 44174, 471447, 7744171144, 2¹12,ss 44444147477717, 3133
..911 7. 716, 9· 771511717111661, 1 75771111477411111111145642 1177741917 6171
1910· 11172 ¹ 17777117111120,’2 77777711 1914114· 916 ,1 1777177111111111666, 10
19991· 3⁵,4 n111141÷339.9.349,9 111131111135111. 14141441. ,41444Δ ’416, 7771771, 11131. 2,174 6
117171 ·151, 1. 59145 777119116211611. 11, 65,“.1 ,’170, 3. 1332. 6 17111771, 1114 ·.171) 6661649,
41111'1n43994,3792,l η7117164111141,12 114111, ρ’,ζη 4. ··75,,4 5. 5141).) ,65124 11 ·70
111111· ¹¹45, 11. 46115. ’1501 9· 1171141·1)51.’4,1“.’24141,2.’“5,’,’“..766, 66416180, 13. 7655, 0.
4132,ss 111111ωῶ66 1.4ῖ»17,11,·,.·. , .. 3111,.5.11139, 10
1917013945 ιτι11711117647.7 0515146..,10..·4.7,6.726 7771171·1771112,2
[.11110, 11116715676126 777111110102,·1 9651,6.01·45,2.616,1 771117719617674
14. 14441471717166 77711111· 521,1 67717111771717171656 7171771777171561, 1
1111101'7·, 5· 4³3,2471,7 77711111771566, 16 7771171,1.1·,1.1477755.4),1 7777177.·171291,6.·196,4.645,
1141451 pisces 6264 7771111114966, 11 , 7711111116 433, 2 2
1771911905. 42 77771111164.17777’5’64,6 17111.14,1’11114,177771111111049, 101611147165111
11114414· 625. 6121411μῖ 777 51114156 16 777177111ιί4667,2
617, 1416122960, 1199, 64147115. 519, 16 562 ,6, 10. 7771111,1.1ιε1464,2 1117711224. 509, 1. 1141, 10
75. 0528 71,ss 13731, 31 111· 41) 17. 111), 4. 416, 1. 1771,74114 1177177175, 12561,
1171411414144·14·615,4 6715441261 566, 7. 565, 1, 4. 570, 6. 169, 1. ..206476 10 474
1171111774 464416 11115177ιί65 699 3 567,16.612,6.691,9.100, 2456149127
41111111 439,ss 11113111111111146,5,2 73 177177162415111111. 11 1733an
11711.177171’.·65,5 777717 1511117111 979,ss 11111111311-17443339 14, 296, 517 3, 6, 606, 5·
17141177776661.) magis 99, 2191, 62021. 17711111171141175113161 77717174177777771576 ” 4
1.·171101471177-560,2 249,5..427),7465,4. 471, 7161011111111741141146526 7511771141 841, 76416550, ,
199941697413 4525, 4522.) 596, 8. 611197715717711117711·171451)5, 14165, 6660, 33. 690,1·1.
1174111114122,2 603..463=1,5,1..·.1J1,4 6 737. 1· 1121, 11. 6411111.Ι 4
1174494 7667 ιῃ1ι,ι4117741,,71676,6 1771111·61111171·71116116111616,· 16.), 4041215 ι
117414111171,4 ωῃῃῑςῑργῖῖυῃλῃβ 6 7771771114· .·,01 12 ·
1714116506. 40), 1.646,7 1111141311.. 1445, 10 111111111111133425 111111 1114117717 14617 ὃ
311311113331375, 14 17719111716”)·1.’115,8 1771117711 g1·r3>1094.5,8 333'111111111539. 2
3u31111111111334,3 ...41114114429166102 7171114174144· 9186 1114177175 ’5215
14441717,’717771.419,4 174414141777177 ..01),11 17111417711745,2 7771777414 4426 7666
’444444169959247 441411..4755.5.117,1.777, 111111101111103111111111,31:111110331140
1174117745116,1 1 335, 6 337, s 541,15,11) 3 7771141117111415,2
1411·.·774771·04,7 513, 76624684, 16. 774, 7111111171747777714650, 16 117.717.4717156,72
11111714 4666 5. 1111, 7 1771711 1511ιί16666, 4 manticam, 3
117114 766, 6. 7117 111113111113115577 4 67111411111151, 3 1m11111132,13.133.2 1911, 2.
’44441444493019- 890..) 44... 11111111, 6. 51116711 444447. 1744447177 5711 157, 11111. 577,
1111111417111717 04160 17147417266669. 7925 777117 667 111.441,.10.25,3 0116, 1. 99122
1⁰¹332113u⁵⁵⁴37 4444 44... 110,14.'121,1 6117 1144444175, 717415
1111561,6.699,10 mm ’17114 6129. 601, 7. 601, [1111117150. 6 7771775420,5.642.1,401, 9.
1511711546, 4 5 4174411 1714 557, 1 570 12. 555 22906 7
1....171111059, 9. 891, 2 Μ161141111796,1 777111· 11u111219,3 671177245117171774111117-
1111171111111664,9 magum, 3. 31310. 499,1771171’17174110,9 49111 »199445 ,34141'2 .
11.... 6166214941) 11766, 1'4. 501, 1'3. 676, 711 4444771511 41215661 ’4711161771
1111114724 „1:1131311313111331371, 10. 64544. 650, 11 77714711,14171ν1.1. 7··1,5.164, 8.
1111m31ae254,13 3117145525. 5106515, 701Ιί4171776 (1777146126 650, 3. 6112, 1). 666, ³.
11....6...17’1.7 744;·,.1717615 111113,3..1.11„11 117170 445,.,71171. 1916519,
1111291 ,.1412,7,6 .,.,. ,11105131 12521, '1„4. 7404, 5. 61426 1
14111415 2· 520, 11. 529, 5. 576, 6, 177111191,7.6’16,4 777114141619117506
1711712144, 6 591, 6561, 4606, 6, 101, 0741111711, 510, 12. 11010 177714 71449), 8
111714 61,2 317955 ··651,4 6171111111 51, 5
311111111321,7 571117511777747765466 1661144611, 11 77717711171717679,1
1745475944 4444<<44547.·,.,7177617,117,7 4447141771,1.,71717 mares, 741, ’7. 566. 47,
1149199319 5711171321242621.667,777511611476656116 3.511,1131,5331,3.:100
1444947 2.,1511..1111 111146171,41.617,5.’1.71,57751415161171,
1.,7117711411256· 575, 3569 1251164599. 7771151171771411111170711611- 191. ’19961 68112667,
1571571246 1665166412 171776 5979 2656, 33. 664 5. 4021.
11·1·7171’1261,7 magn um [ecit quod, 111. 7111171446177011 “ 4612465, 6. 4726. 477,
1711652·ἧῖ 602, 5 ·311331131111311111 175, 6 , 6. 468, 6506106026.
11.)1’165,,6296,11. 851, 5 17115677711711771107Α 74171174 454 9. 5127 &UA-7321?
1161171066 1771117771146421Μ17ομ7696,Μ51717117771519,9 6753176122
4111117644. 3¹11. 91, 8. 269, 1, 6 6711417106016, 6 41111555601
9’.7 1711111 1066917012 1111111566), 15411171 11110035

:19 .

 

