VOCABULORUM OMNIUM

ι.ιιιιιριιιιι11111,1 cm 11119111 91991111111111 1119111911

ι 1991115 821, 5 111111 415, 45 1919994111589, 1 mumma
ιιι ἶιὲιτιιιιιιξᾶὲυῗὲι 912, „⁰7 ἑ. 1191 14841ὃ 23 19ἓ91114ἕῧ1 ,814, 6454128 cume pelliculam 858, 7
017 6664440819 286, 4 666 016848οΜ8662 841641648ζυῖ6 518, 8 6666 6662666 66666 66 66666 666 6666
7'77 11· 41111 82868 (11114199111442 1414111 181,’ 0 1919419999, 11
66 ’.4441646184 4444ῗὲ44461ιῖῗί ’81, 84141464 6 8888444816,
(44 ’1
ει)11118759,11 1199499841, 5. 8165, 8 1941414151 215. 8287, 5. 9959666666,
ιιι-95111 128, 1 1919191884, 2 555, 15 1911ο11516,1. 852, 8 7 454, 2 82115149, 4Ῐ
curvum 5482 881, 4 1149494891 288, 7 194111) 5914, 1 115, 9611814114, 15. 419,
corvus 851, 9 1149999111 81, 2 114449 88415 9
(ῖιιτγ11111111488,8 114111 12 2 46121, 2 cultum 14169 915 191111, 11141111, 855, 8. 788
9991195198 crinem 8144411114 8846, 8. 815, 77 1566 781, 8. 814, 2
«11991441 , 77777777, 16111, 77777777 1999911411 77777177' 92914 2777.

,11911111 1111..,1911,191,1414, 1919119 ιι, 7 7,77 7 191..1419614666199,1

1111ὴωί87448 4047.οΜ,68888,106 1911958246.141,5

·υι1ιιιιι4ι 884, 9 1116411191 11,1. 185, 4 1111111111 419, 7. 911, 8 1191919188, 18
cothurno 1498 887, 4 (414499 8544644114 4565, 2 (4111585794 2 8919411875, 18
(3111444418,8.06144“44441116 59919151551816,41911111919182,5 19114128,1.181,1.859,8

ιιιι1ι1499, 15 Crispinum 8488 119111114εὸ114, 15 19191 858 2. 5926, 77. aege,
8111991119 241, 5 (1141911191 548, 8 cuminum 1125, 8 815, 9,165
1111111411 792'7 1111114 859, 2 1991111151 8245859418 1914962841, 2
4“1191871 8158011788 408, 27 406,8.671,8.11”81,81114511486 8
ι 1111991811 ιιιω191ιι, 1 77'77, 77 777 7. 77 7 11119114 7

11119111 582, 2 1191991887, 4 199199119151811 curiosus 484, 8
7777777 lumem 821, 5 0111114 11862 6 777777777177 8214, 12 1914959,1.5141,41.988,11
1119114 581,1 11911 581, 5 707, 819811 cuncti 8515 0111419116 584
1111915118 119111111115198 19914915881. 5521 1919448, 1. 8549, 9 7229,
(111111, propr. .,28’14 11911111 5199 cunctum 5412 . 7777
owamukrtfflss 1111911295, 8 14919113281111111128
9419595216 5454814414 911911145119999111
1119191115 511411 1111911191 119 9 1999919109911111111911991 1911119148, 8
1111119111 86421 tmdfllsm’l (4991991111, ι. Cupiennius, currente 29624. 814, 12
ι1111411111484,15 111194, 159, 8 1991191954 4, 11 19919191424
1994998151 1191111 9452 1991191898, 164 currere 518, 8 5954. 4899.
1ἴ1111111411544,4 “ mantum 8994111875, '7 758 5 27727
‹ro-audis 19918 1191919248, 1 1994914 889, 9 1441114111 551, 5

1119949815, 11 11191119 8895 19 9191119849, 9 1919111858

(1111149913 1191919299 9 9499 Ἓ941141441119111919 pm 1911419402, 2

1114119 125, Ι mentum 16219 1111111 128, 665

ιι 9111459118 18112 11111111ιιι919,12 19941449198119411111121, 1911411858
1119118888. 881, 1. 884, 1199119914τὸ

ιι 777, 7. 7772. 777,7 777077777 '777 7. 777 77 cupidinem 1819 6616466 46496 6161486668

7777777777 707, 70 eruore177, 7. 7777,2770,7 5118111991919588 7861711
11194191151101,86· 491,1 81949194819525,1.119,8 1919196159
1111111 1441184184 717707'7777777 077077777777,77777,7 77777777707,77777,7777,
8191584411549, cruoribus 1482 (4411811118,.1 8625 2
1 4111 111, 1 ιιιιιιιιι 14 , 1199111ιέ11. 777177 ιιιιιιι 777 11119111
11191511 515 86 7777 11911 254, 8. 441, 2 ‘ll-777 818,19,191141ιι14584
1919111519, 68 1244 5. 188, 91919292 707' 5 11191911ι 7777j777 5611, 86 19111911 151, 85
2 581,1 «9144191299, 2 ,4211 9999, 1991991 81112 1911985142818,11. 8188
11191111411821 9 199499195164, 88589. 988, 9151
credemm! 11955255. 528, 8. 8121ω5998182
1111114847, 10 11111141 182, 1 199641491188, 7. 881, 18 5111811εῆ8111, 4
119141114εὸ581 11911949 8565,8.511,1 19941191ω85ζ121526 11118, tumim 48
1191449111111198 8. 185,5 1919191528 7 754, 8 85515 eune ³3⁹7
crediderit 814, 1 1999119121 119111 Cupiennius 521, 8 19111191 189 8
credidimus 2148, 4 1941115951. 881411 8994891489. 8116 8 9111408118, 114
1119941515, 15. 848, 8. 411, cubet 4414, 7 4196, 9 11194111 151,1. 58921 1111141 8958
9 ⁸⁴⁷7 ⁸ cubili 722,7 1419411111ιέ14, 12 euno 1119111 8151
1191111265, 2188181851 1111111111 4544 8899 1994115924 8111113521
114147. 8181. 881818 1941144199 4555 8994158218. 8889 89118422
77777'07777777 1111191114ιιι,11111,ι.1911111,1.11πω1111911
77777170270, 1511519195 11141111) 188 2 77ae,7 14,1 1911112885
1991915441 1111111111ιῦ48, 1 cup 017087777737777 91119999941955 9991191919 811,·1
1111111111 81284 848, 8 ιιι91998164,1,1666’1111111818,86
creditum 18, 9 54, 65 19491519994949959919, cupressi 1911114521
1119968816 841,689944,4. 11191190 ,468 511110θῦ14ίὸ80. 188,
10115 1944419111. 7· 777, 7 ωιιιιιιιι 7077 . 7
credula 77. 2 885, 2. 488, 7 eui 19495157,4811911>144911 11441 8111941751, 8
1111494991 28241ιυί91919 941, 19 919, 19, 19911991851, 5 1919491881, 4 814, 15
111911491241 84 “,1 15 8419119199 ια. plur. “⁶7⁸ 19119911156542288821.
1199149884,5 1941,9415981.559,8.195,4. eur, ι’. 1. 91, vel propter 881,9
ιιιιιιιιιιι, 19 141, 7 111111 1491119, 64 777707'7777707 7 7777
creontis 777,ss 1911965455 t 7777 1919848889 8999911185, 84184528,
119919414856,4 11911149,8.188,,.5.8287 8915959155,4.82,1.182, 77777
11191118,2842,2788,15 11449 4 211, 2. 248, 8. 814, 8. 1999997258
1119118147 1141119195887 7 777, 7¹ 1111, 1911111411, 1991911899
9111411511, ¹¹ ιιιιιι 11116 1. 7'77, 7 '777 7 7777. ιιι-1019914919
‘f‘ 114144 2227 11114919 889. 19 842, 1 1999911, 1111514496,18.881,
mmmm 1111994111. 777, 7 «19991111 11
1984111618, '7 culmo 5514, 16 14991141 8114295514 1911111411 7⁴2⁶
crescentem 6811, 8. 884, 8. 1111911218. 588, 8. 481, 2 1919911811, 5 custos 558218, 52888.
91, '¹⁵77o7 1614131111, ιι 7777* ‘⁰¹3⁵‘⁰7¹7⁵7⁴⁰⁸'M³'⁷ 3199591945ῖῆ
(7777777 14119911 5 58, 4 1
1991544618 141181, 7777 ρι64ιι6ἑ6ι66416ιχθ 11919181, 11 7777. 7777, 7777 7777 7⁰7⁷
7777, 7. 777' 11821. 19991119. 7777 7777. 7. 777 7 772, 7 777, 14 191911191191441
4141 771, ι 111 7 777, 1. 777, 7 1111111044 914116
991199211891 777777'77777, 70. 77 77 ’199144 7777 7777 1111193581

38

 

