¹¹ INDEX

011101501,1881,5 · 0001011178.10.581,2 emmonim (im ¹:8¹8ss .

00111 188, 8 57011. 5201. 01010 01111005 0000105205 0111155111 8305
5110118806 00010Ρί0008 0011015802 emmanu-4

1011116012 11. 666,1. 611,1 0011118206. 515 5 01111111θὸ02 01111 1608

0111111μ1111.581,8.720,2000811001101111118867,15 cem 51, 5. 501. 2¹¹8 (11110115

00101Ιμ1111108,1 cede 8101 511, 5. 510 8. 5505711, Chii 51οᾆ ¹¹¹

0111011 6602 0060010111θηῦ chrm ¹8⁶,8

0010012601. 7102 cedere 26, 5. 268. 5 00811001811681, 10 (him 23¹, 66*

00111101· 266, 2 0060101618, 18 8805 cerum 888, 01110 1115, 1

uterium 51101 cedes ¹8¹ ,01

1111011111 118, 1121025152 cedet 178 0. ¹8¹8

1 080011011155,5 001101111100111887, 2 001101110104

camni 110, 11. 286. 1. 708 2 0111111801 cerame 11οπ 7118 8
00011001115. 8105 cedro 8008 00101011001111101 chlmydem ¹8⁵,ss
01101101· 87, 2 216, 1. 105, cedunt 8¹¹8,8 certans 581, 2 chlamydes 751”.,1
7. 601, 5 celabitur 8¹¹, 8 00110111 878, 1 01111110γύ011 7501
0101001005 celanda 716, 1 000010018010 (311108 201.ῧοἰωῦ
0016815 - 111111 681, 6 1206 11110161 6861 8220
(3011115266 0110111271 certare 185, 5. 8505156, Chkm m, 83:2¹.
0111101111618, 17 celat 255, 2. 1101. 788, 1 16. 555, 18 812, 1. 818, 1
Catili 75, 2 0010111 101, 5 1 chlori ³7¹¹, ¹2
00111111 580, 2 celeberrima 6107 00110111 1011101505 Chloris 161, 8
«milium 58105 celebrare 80, ¹. ¹8 ,26805 centuri 81705 dmin ¹¹¹8, 7, 15
catini 588, 7 , 0101011101 628, 8 certatim 518, 5 thomis 880 8 511. ¹
catino 626, 7. 6801 celebris 186, 2 0010011881, 8 durus 88 8
0011001ηό702 0011111 2508. 18010 cerie 165, 8' 527, 22. 6808. (5010112301. n?
0111016701 01101111, 1. 261, 8. 801, 6. 8101 01101105
cratonem 828, ¹ 651, 8 certemus 7801 choris 186, 8. 2⁸¹¹«.
01011111011 0010101118οἹ 1704. mo, (0110161711 0110101601.117.1
0110111152,6151,1,212.1 ¹. 8808. 826, 7 00015101 01010121,5.1701;”- ,
³2¹¹ Ι· 5911281019- 8¹7, 0011101 606601 701. 0111101228 mmmmm-Y· “.
4 211, 10 82811011101011160191011 10021101
catulis 02 882, 2. 888, ¹. 8¹6, 8' 00161577. 8 7508. 88011. Chremes 1285 ¹¹8¹?-
00111101 2502. 828, 1 111011 601 887, 11 chremem ¹18³
mtuius 7108 00101112 152, 8. 821, 2 certius 7701 Chrysippi 510 18
0110110111601, 1 01101525, 8 1101018801 0511110001 511, 11 8κὶ
01011111, 8. 8111, 1. 812, 11 0111111716, 1 0011118807.111,5.518,10. Chrysippum
0111111708. 1708 001111 182, 5. 585, 6 5105 0180151515,Ιέ
0100100111 88, 8 127, 8 0111018011. 268, 5 certum 6110111710, 11 cibo 1105
0101116208 00111· 7608 cenum 681, 2 6208 cibariam
01101110 882, 2 Celsi (,08 1 0111111 178, '8 128, 1 01110111 151, 1. 61, ἵ, ¹:
0110110111 281, 2 Celso 161, 1 certus Apo 110 82, 8 cibus 651, 11
nudam 1105116102 (1011111 Appenninus 188, 8 certus 0011111768, ¹ (³¹¹¹th 7568
0111061, 128011. 151, 8. 0011111718, 11 0000022708 cicatricum 1805
511. 6107. 65011. 688, 8 1110601808 0011188010 cimas-¹8
7501. 785, 2 0001011752, 5 850, 8 cervice ⁰¹¹ 1. 551, 5. 711, 0100106508
0010108108 0001017801758, 10. 770, 07105 ciceris 572, 2 51111. 2²¹
11111101 8801 5 801. 18 cervice 11160111 11111110· 8
cavens 6206 censor 511, 8. 818, 7 gum 167, 2 ciceri 8¹¹5
01111011 708, 18 0001010821, 2 cervicem 07 2. 127,5. ¹88, (8001110165, 1·
caverat 2508 0000111868, 12 1. 818, ¹ cichorea 1205
curere 288, 8 censu 658, ¹¹ 888, ¹¹ cervici 2808 ciem-ia 621. 2
erret 888, ¹ censu tenui 761, 11 cervinum pellem 7105 1101110101
1111010 551. 11 censum 620 ¹. 728, 8 eorvis 211 ,8.1805 cicuta 85011
cavis 2808 808, 5. 8507 0001012108. 2008 0011117008 010010· ,0111116111
0111111101. 10012 (6101010111οῦ 0011111525, 18 ‚ 0111111111 propr. 1112 611
caule 6708 Centauri m? 00110180058801 8
0111111510, 12. 058, 1 Centaurus 178, 10 errius 61, 11. 771, 7 cicutis 187, 7
1111111101628, 10 centana 582, 7 0010002801 0101016108
01110 700, 7 centiceps 11111011 282, 5 cap 111111 81, 8. 2101 6111101100
caupo 6008 centimanus (1) as 220 10. cessant 82¹ 8 ‹incurris- 87012
00000111 777, 8. 808, 8 2601 0111011116 1528 cinerem 725, 8
0000000668, ¹ 0011111111 208, 22101. 287, 0001110111ὤο4. 7807 tinem 181, 5. 110517.
00110111118111557.12228818166010. 0011110161,ι2.175,1.161,0111,1
011100110111011. 8188. 4011100111. 8 0111111οε
1010 5102610 111521101101181011 0101111, argema
eun rme 10 01021102 101, 8 cingentem 3101
0100111110 61011 10. 8828 0111111601 20016 011011011αῆ8
«11110110111161118 0001011111011106118 non 0101117501 0111111801
curm 008 501, 107818 000011080012 0110101111, 6 0111105101
788, 6 00111101οηὶ510 815, 12 0111110111 7808 efrem 1202
0010015805. 58018786, 0011110 878, 8 00111008108 circuis 8701
1. 7105 000111 011588, 1 0010111 8571 0110111808
0100110010001801, 12 cepit 868, 7. 811, 5 cesserat 1522. 6105 0110110708
enus 101116 ,25501 6008. cern 687, 8. 758, 7 0110011011 Circes 7802 .
01011101 1111011601 cessisset ⁵¹4,ss 0101111102
causatur 787 2 Cerberus 288, 5. 225, 8 cessit 2801 01100650(
,11111111 τ’. 1001 1011101. 1101. 1101 1011111101 ¹ 1110111 111, ¹ 111111.
cuum 7802 cerras ¹8¹, 7 contegis 88¹, ¹. 876, 12 ¹
01011111 108 cerebri 582, 10 ceu 8808 0110001101 '582 ¹8
mutos 687, 8. 88012 001011102208 0111111101 u. 0110111111 circumdata 6107, ¹8
0111110111 186, 8. 571, 12 cerebrosus 558, 8 0111110. mari 01110011οωί110 7
cautus 18086805. 60001111101116107 0101511002 0110001111 7706 “
¹¹. 78018. 876, 8. 018015 cererem 8805181, 8108, 0111111111 51111. 888¹ 7805 0110001000011105602
0110111112, 11 1 0000Ρί00820] 800 0110110106110111010 ·
0111111702, 8 0001111101110 1 0110010100οω0 811, 7
001 1801. 011, 1 00111101. ess, 1 1111611101 0010010001 ·
000100101608. 867, 8. 8705 cereus 101111101101811 0501181075.517,11 525, 01100011001181,1
eec¹d¹t¹cndo2¹85 11 1. 555, 10. 881 ,261105 0110001οΜ1782
001101110100881,7.118,5 0010018605 , 15018 .. 01110101011086111
ww. ¹ 01111111 1111 cmv. 11111 ‘x 011111οω1111

 

