5ss INDEX

67711115 661,4 1011111661, ΕΜἉΗῌΜΞ diffidi·
dm'ussn'lw 6111611101327μ1740,14 7194 rhu,
11111610 116, 92 65311 0711104611, 70 17196011 641,6 mu»
9999099999 111111711161111116 1417 um
6116111566. ”⁸9¹⁸ 107011 111110 Ε mmm 1110626165 ΜΙΛ
11111111116111166 1611 mmmm 64711107,
7670111615,7.7411,3 1171116,5111,16.6ω,11 mu
1111161111 161756 7071711110 9992 757,1. 77311 thu 161
·1111107111.141,65ω,7 10101666η759,6 17111171767762 “
timore 667 6 torquebant 61611 museum 3326
6111161116,1.711,11616111110111 99999219999
11111111 770, 3 929, 4 1011117177 716, 15 1111101131 311, 9
61111111111101111111 111161611111111,1 6111116161
ωδ“,6 torquibus 2762 milium M
1111017617 649, 14 107711161427 1171067594
1111113114 1011769137 6611111749164
tincta 7,01 16 1671611161 1.·10,431.·1,7.1111111111111111
1111111 113 4 4711111611 11111111111357, 6
11117111 616, 7 6661111111 ummo 81ss
11711111 216, 6 torserunt 466, 7 0116767106121
1717711... 7111111. ,.,. 911796·· ····· · 1911... .,.. ,
’71111 111111 1671117111 1711111111, 13 31966661. m, 95 ³
71111· 1111111 100,5 6177619136195 7766111613 cem
111111·111,11111’11·11111.11,1 7160115511 TmJ'm ⁴2¹2?- &2
’71110111111115696 10111 1“73,1 6611162154. '1'me 111, 4
’11111116 9999 101 462, 7. 443, 6. 46055, 9. 1166611121ὶῇ 'frojam ⁷³59!
7111711176 217, 10 709, 7. 756, 3 6006701967,’ 5 . . ij mmm-29¹
'599909995 106, 1 101 61111111 627,1 trecentos 551, 6 567, 4 270111 2548
6111111151 99 1611 10 7 1,111 1717, 4 11611666111, 1 Troico 17, 7
7111117435 1011714111. ’5325’ tremende 391, 7 {milon m, 4
1111166,- 7171,2 10111 115, 9 tremendis 4ι6·,7 ,11η 1111, 7
11111111 5716 1011111711 67, 2. 371, 3. 601, tremendo 611,] mmm& a}
6111111111Ἶ1170 11111116111111 9999999999'999999 6161161611
911, 111 1016111111,.416,1611611117ι,6
“ ’ 161111491,6616,7.709,1.1611111761 mmmm
7117 'ou 2691 711, 6 17611111 9111 mmmm sm
’111οα391· 4 1010131, 6. 637, 5766, 16. 171110776612 1711111 433, 97526
10111411,’2531,1.533,.7 911.. 1 17611ιο04163 murm!
731,7.611,10.334,1 10111711374,10.697,11. 762, 1110111171 4011, 5 tmu- 65ιρ
9992 11, 1’ 1111 '⁷99, 9 9 999999 999' 111 92 1111111111 990¹ 99999 1141111711, 11617
⁸2⁰³, 10111771,κ7117111113546 1711611260,’4.ἣ1.773, mmmmm&
tog 11111 6411 16111161111111,0710,4 ὃ trunam. mm
togatam& 92 1011111171 493, 3 1777111611 166, 5 unm m *m 11
10117116 5166 111111111161011316 11071111117191,1Ι mmmm m? 16 1
11101111, 111111, 11611116 999, 17161· 4, 6 3064 0111111111 11143461 7
1711616· 711, 9 176017111111716641461 tubes, 10161, 11
1011116111904, 10 1111616111 299, 6 trepidum 6231 tum 5765
tolerare 167, 4, 994, a 11111111191910.350,3 1711931,4. 11114 1153791008, 17
1111111111 91195 17111170 1121. 6062610, 1711559,’1.574’,4 tuentum!
10111171 999¹, 9 6 tribum} 990, 6 111771 497,5
1011111901, 12 11111111 632, 066110 17167111 47,1’111α·1 556 6. 99& 7
1011111199 tructas 143,4 1111111111 7156 117162,ῑῦἢὸ mm
10110 167, 6. m 6761,0.11“1111,1111 6521061133 1716111111 900, 4 tuh 7111 fl 5, 651 “
790, 3’ 1171611711 999, 5. 439,’5.660, 17161110 441, ’.6 ⁵999
147Ιο4 memor 17110110 m ὅ 1110113931 5⁷2⁶ ἆ 42919
61617716566 1116111351,7551,17.579,3, tumim! ἣ,
1011611111 606, 7 1716111113,10634,.1Μ7’01,3191, 6. 969, 1016171111 ῗῆ 6
10111111734111111111, 111511.369,1.716, 9 6
10111111011111111111111361, 12 tradmn99992 171614 6223 1176116163Μ
11111711· 17, 6. 1302 11’1,5 1111166696 1716111111 6134 11111141 613, 11
³95, 191 11111 0,,197,’,7 6716676576, 1251162770, 17160116611616661117 ·11111154,1.177 ,4.’,1 771,
·.,...,. ··· 11171171 ·
111177·1161107161114,3 1111111356181711ο711111012
10111· 1711 705, 2. 710, 9756, 11603111 16415 1111171161117 9999999, ffifflssffl
1111111616156 17111671111626, 1 Tullo? 5
0117111061111 6331 17111111 11915 1711117μο 231, 2.’216, 6 ’1711717 11
1611111191. 361, 10 99999999'5999 - 1717712335 1111271,1,5.5709 m
1611161736 1161116111119. 2 1761171711 394,Ιί 6157 557, 6563, t 51,7
111111 1111, 5 1719111743, 16 trimus 6921 tumn 9999
1111111111 1111711 70165 2991001 8961 ⁸ tripu 531, fl 1111161 SM
1111111110 1 3,19 1 17111111 606, 0 triplex 16’,7. em 617061149764
1111111 71116171 999 4 1711ζ1111 5114 6 676, 12 111,111117664.3 1147711717 6
1011116 67, 2. 10224145. 1711ςίω601,’6.633,’9 7111771111 6696 1611111117 75
11117 tragicum 9161 17171111 2437 tumidi: 6712
101111 451, 10 . tragicus 9,99 0 11·1717111”16766,4 . «umido 6615
1011117200] 17111 ,11711111 1193, 4 1711161911, 6. 5615. 564, 1.11111111111567,6
1011716111 255, 4 1109011111. 1411,ίὶ 9999 1111111616 Mb· ³8ss
10117111113,1 1711111111 3314 16111642566377663. mnumffissffitn'
1017171111 431,7 ὥὲἑιήφ 661, 4 9111, ι
1111111111 1111111161 11661111111111 11111116611161, 1
1117111311,7.199,7 1111167161151,6.4ω,9 316331616612269, mmultuoeumfflv
1611611117,111,1116111166 2 ,35636 61 1 1111111111 21 5516518444
1111765667 trahentium 1711111061. ,,6601 51 &mama
161161111041111,1 6111761114 11161414 ww
393931· 369112· 291, 1,·122 2· ² 1791.. 1611
30301000εὲ1 Ἥζιῗὲὶὲὲὲὸῗωηθ. 17111884295104966761, managam, .,m ,

176171οᾙ1 6111611111 6166611661011· mudum.

 

