VOCABULORUM OMNIUM.

mtdat‚nmirusm‚³ mmmmmc- 111111661061105567,
001,1.111,10111,1.τ11 1

tmen-'rei m ³

meretricibus 528, 7 1111, pro 011111, 516, ru. 525,

65

...ι-11111111 &snitum ammarum 1π1,1,ιε.101,ι.111,1.1ι1κηιωοι56,11

arri, 1 511, 1. 111, ιι 111, r
meretricata 707, 5 mica 6621
rrroretr'rx 163, 6. 766, 12 1111001515
rur-rgos 166, 12. 6201 mictum 51102
meri 112,1.137,3 1111ξη711610,21
meridiem ³52, 1 1111ᾒοῑωῖ

Merionem Yt, 6. 65, 0 mi
met-rra 35²2, 12 61111 rum. 124,⁵.r 1 111, uro
11101111.» 001,3.091.1.11111 100111. 011, . 1101. 111111110111119, 11
111110150110. 100, tm, 11111111, 1130116511, minoribus 0110

2. 6106 5. 561 1. 577,11 11101111116
meriturum 858,ss miles 26, 62101. wi, 1. ι11111010111666,7

71111 w 111111111111111111

meru 61,7. 58, 6, 16,5. 175, 6501 r ' 1111111111 616, 2656, 11

1. 196, 1. 2011, 2. 6002. 1011111011 nuntiaturum

616, mii, 2. 6655. 665, 1111111111)11111126,9 101000111111106,6

7. 468, 9. 611,5.676, 6. 1011111110 1625 ι minui 0101

6101. 911,4 ωἰ1110111650001
meros 662, 7 militatum*

1110111110 072, 7 70111ωή8125

merrus 662, 6 1111111066, t. 116, t

nteraur 7202 militetur, 1 666, 16
meruere· 6001 1011101176,1.215,2.261,’“1. minusiiio 06011
merui 606, 1 506, 66226 minumum
111111111111721,9 1110651716 tu, 7. 502, min 6122. utut
1110111111 615, 7 ’ 11. 611,6 mirabere 12, 6. 771,1
ιιιει·011166,1. 5502 millum 76, 7. 116, 2. 615, mirabile 11,-ιι 6621
merus 516, 11 12 mirabitis 751, 6
1111115226 militibus 20076906 71111·0111111111166,1
musula 51106111 1111111111 1101. tut, 1. 111, 1111100106,1.010,0
utemur uum 6 miracula 1170, 6. 665, 5
Messi 567, 5,7 1111110 262, 61127162, 7. 11111101017611,5
1110111111 5516 ' 51005601. 6101017, mimmursi⁷81‚4
messorum 1601
11111111 11, usu, 1211110011. 1
0001111771,ἱῖ 755, 6 1111111760, 11
1111310111 6506 mille urium 055, 10
1111111111 2125 11111111 510, 2 550. 2. 567,1. ¹ 5
metato 6351 615, 12. 726, 7. 7501
11.·1111111ιιι6111111 576, 7
itt-rouo 11111. 11111
Metella· 6605
merendo 117, 11
11011111111110111117166
· 1111101116 1121
⁴ 5101116007 “
101111016110
0111110111151011
metiri-¹127, 0767, 15
1111111111, 10111
ructu 61, 5161, 6. 2³0„ 1. 01111106106
6605. 126, 05126. 510, 1111111111 *mi
‚ 7551, 15 111111111ωὸ1οβ
metu exanimem 5120 minabitur 111, 111006 616, 2
ωο1010100,2665,7.669, 0118110001176,1.612, 0609, 111111111ξίοἒ6705
1111. ct· ¹,
1111110110
1111110011 6602
miscent 05
miscentur 611, 1
’ 01011116706
mucor 115, 1111111
0111110111 661, 6
miscuisse 106, 5

1111011111
1110111110

minuit 110, 6. 217, 10

millia orntum 611, 6 7

mutin 1011111 660, 6 mirum 100, 7. 1607
millibus 616, 11. 6076 mirari 6605
millibus 0110 656, 5 mirator 521, 11
Milonius 615, 8

11111νί1 1606

Milvius 706, 107911, 11
1111111111 mr

16. 655, 5
mirri 166 2. 611, 6
1111111606, 1
0010101601
1111115602

mima-firm 5205
111111111- 5207

660, 7. 016, 17
1111101055, 1

minaci 1502
minaris 160, 2
minacium 105, 6
7111115211, 5 61153
minantem 7611, 6
minantis 659, u

θ
metuar 516, 6. 550, 10
1111111111 726, fl. 7505
= 11111101111001
11111111015101
metuuntur 207, 6
, mr· ,11111111 utu. 10. 517, 7
11111 111111151,5Ι 2117 minarum 6605
, mutuamur-t 715, 1 11111111 5701151, t
1101111156. tut. 5. 305,οΆ minaci 101 2666
517, 5. 517, 10. 661, 10. minati 1807 2
6105701, 1. 601, 6. 701, minutus 161,6 11160110 utut
2 657 5 minax 52, 2. 0106
metuente 155, 0 111111011εό0, 6
01101101206 Minerva 62051 005, 5
metuenti 660, 0 Minentur 7521. 6002. 807,
111100110666, 6.717,1 0
11111111·171,6706, 15. 609, 1 70101111617,2.652,6 1011, 1
miserabilis 125, 2
mim rust 0. sem

11110101 601,1 minimis 526, 16
meruit 169, 6. 205, 6. 661, 6. minimo 516. 6
710, u. 703, 16615,15. 11111111110111 timeum
6101 111101011111116,2176,2 815, 7
11111111617,1.161,11 7 nil miromnru 161, 0
1116100518, 1 s minister 751, 5 misvmrunr 110, 1
1111111111 1001 1011ιί111101 056, 6
1111111172, 1. tur, 6. 165, 11111110011
6. 517, 11 ministratur 5706
Uerrinarum 1161111110111 720, 1
61011111, 1. 57, 5. 557, 15. ministrer 7607
16176106 0111111110111 115, 1. 575, 1
7111115101. 577, 7, 571, 2 111111101111561,5
, tun 1111111111617, 6

11111011 562, 7, ru
11111011 ut. 1
miseris· 11110, 10

’ 2 out. 10
miseros 215,5

39⁴².

1611010111 192, 5 2751666,
tutamina. 11111

miscuit 270, 15. 605, Ι. Q,

0616205616

11111οη177,2562,7.170, 6111106002 ἱ

rurum
mutuumntr

11,1.11,510,0.11,1 111111οκ155,2111,0607,1. misrrumum
1111811101 265751112105,

non missurn 611, 12
miuus 616, 6 um
11111111 100, 5

mista* 106, 1

misus 1111
0111106727

mistum 1605. 7105
11111015, 2

miletum 777, 11
mitescunt 602, 5

minus, adverb. 11, 7. 67, 6. ruritius 705. ma
0111. 110, 3. 1111 1511, arrigat 111 11
5. 561, 6. 711, 2 utu, 5. mitior 2607

mitis 499, 1. 8107
ΝῘΙΙΞΕΜ 382, fl· 'iffi’ ι m,
0601111161, 11
mittunt 7³2, 2
mitte 237, 8. 267, 5. 850, ilo

1761. 7101 “
mitte 56611117 1⁴4, 1
mliieiwg' 4. 117, 4. 577,
11111111

1

11. 61521110, 11611, miranttuuumuuuuuu, nunes 506

1111111170, 6
1111161115, tu

1111111 0111111, 11 111, minutus 1111
11111111 115, 1111, ι. 111, iiiiii-{nii 11

mouile 709, 15
mobilia 66121

’ 11ιέ11111111,111,1.111,
miraturum. 1111111, motuum 11111 ’

1101611111 1, 2
moderabitur 71), 11
1100011111θό6 “
modestum 6

mlestus 816, 6

5101101111017501016505 1111101611,7,711,6. ium. modicaitti,2

11101111701 .
mortiers 60 t. 601, 7. um

11111 um 202,- i· m 1. 6003, modio· 5501. 666, 1

modium&

71101111 165, fi. 161, 1. 2506.
51151111. 101, u. 1101,

100611101110262,6

moro urz, 1111, s. 010, 1.
5111011 1. usu 1. 661,
1111111110

1110110 1110667,1

111066661104961 1,
2011010101. 11,
65607. 5510156561,
15010001116016.
10111111, 10

miser 101, 5. 11111. 110 11111111011
11. 111 1. 111, 2 100, 11 mouns 111, 2. 1111110111.
gur 11151. 111, 1. 111,

misum 517, 1.“ 5111,5.709,1, modulanda 866‚8

1150. sust. 101, a 110,
u. 1110. 11111101

1101101010 122, 5

modulator 512, 3

1110111111 66116

miser-«un 61, 1. 262, 6. 529, modulis 5605

1110111110 767, tu

1001111111 67, 7. 007, 0. 5201,

01111. 111, u. 111, 1

missurus 5111, 1. tm, 1. 715, 1110110161, 1. 157,1. 171, 5.

111, 1, 111, 1

6100111011,1.04,5.165, 7.

1111161011. 111,

· 6- ⁴2⁵3. ‘2- 1015126. 2·
misero 266, 0. tut, 5. 3111, 111, 2 160, i 175. 5. 505,

r. 111, u 611, a. 111, 11.
0102111οτ

 

