VOCABULORUM OMNIUM.

usq uum 15, 7 188, 4. 540, 1611111111 5941
11168772 1111611115527, 4’. ΜΘ
¹1! 11711111 1621, 19 111-111116611111644, 6
nire} 2518, 5 insidii, 7112, 10
»amrin sam 1611611111 64117
. ·71111111111491ῤ 111·17,·111·149,4, 9496
·111111111111521 ,, 1111171111290211. 1
111711111114115,5 1111116161 Β’7,4. 125,
·Jmssi 5666
17111116· 1196, 10
17111111 5·10,7
·1111111111·6191·1,7
ι..11.1·1(11111,’15·4,5
11111,111111“176,2
’1.1111111994,5
11111111·1111404,5
1111111111 7561
1111111011111595,2
11111111111111179, 9
111111111111116111111961,1
41111 1162, 9 1650166696 3681857,8
111 1111111166 ·186, 6 1611111·1111199,5
111,1711·111651,14.642, 5. 559, 111111·111111111 49’1, 6
insolitos 9711 4
1616111661691, 15

5,9ἰ’1,5,6’69,7
1111177 111 56. 7
ins-6666 16.,·1
1611171111614452 797, 12
1111161111 617, 8. 9694
1111111111 0162
insistet 461, 5
111111.1111979,4
1116611620
1111111161116111787,5

117, 1⁵

1111571171 16166661, 4
’1111 J ἰ 517, ’5 1111111116121124
1111 »pia 5111, 6 16111111 2565
’1111 1711 512, ’5 575, 19, 618 7111711 11117 404 2
6. 3·, 9616, 19’ 1111]11·1·1111575,’ 15
111111·1ι.’161891,7 16ν711116797,’6
11111116116614028 impin 769, 5
1111 7116111 1629 5..72,6 592, 161,111·111111525,11
’15995 60156649, 111116161265,2
7.,117 8 716 8 instantis 75112
1111171111116612 1041117563,6
1111111171 2¹6. 4
111 1711111164525
111 111116111596, 16
1.1. ,1111611161 27,72
1,.111.. 1617114116, 1’2-
1.1111111111990,7
1111711117111161210 1111111111 276, 8
1.1ι,111111111595,4 institoribus 4696
111171111551Ν56141655, 10 1166111161, 12
1111,11111511,5.5”1,2,5 529, 161 11116111· 266, 5
1.,] ..10 Ι,711 ’10 5641, 1111,1111111111194’4,4
912,’6,19,595,9595,5 1611611661604,’9
1611111111 Α’622 1115111741,16
’111111111161111171111 9996 111111111111117, 9
11111111· 6121, 1. 654, 5. 668, 11111161111111 9165
13. 665, 5. 711, 1 instruit 6429
11111111 6115. 560, 5 615, 6. 1161611111111115124
749. 6 insuavi. 597, 12
4111611111 256, 5. 658, 6. 967, 116661155012 '
12 1111611711. 559, 5
1111111111111111 26119 16111161 4949
11· 1111116111.·117111711116127, 2 16111111 997, 7
111 7111111511 7, 9. 646, 9 6111111111 70⁴ 2
1111 1111116921, 7. 6442 2646, 1616161071011, 12
6 6511196644. 6692. 1616111611·694,’2
73912 91159 1111111111 670, 9
11111111,116111.621,7.569,6 16161171 4177
16161111, 11116, 11421 1616116119164476
1111711111· 656, 16 1166161665, 4
11111611 ow 517, 5, 545, 1167167294
12 644, 91 61214 16111167.- 465,2
1111611116 1101, 5 1111116669
1111111116411749,10 16111619525944, 1
111 111116 82¹ 1126429 111111111116194, 7

111611111111726661219950, 111111111156,6.1115,7
6. 61176. 666, 6 1111111111671112·,217

697, 5
instillare 799, 7
1111111116 629, 10
instita 520, 4
1611116176 690, 5

1161111111579, 7, 6129 644, 1611711 1664 229, 4, 621,

6611· ,1565256999 1
111111111’1·111,7.696,8642, integer 11111111 659, 5

12,..745 4 111111·,··11·1·.111166’,1
1161111111 576, 2 11111171161661176444
116116127014 integrm 69, 8. 121, 2,
111111161111617, 5 1111116161 ¹265,2 ‘¹
1111616110 706, 15 111111,1111411,,1594,15Ι
11111111116964 111111) 161 12
1611116611 50, 5
1111111111 4595
1111171611 961, 10
1111176616 452, 7
1161771116 657,2
ina-*rere 940, 5
111 111111 169 1 1
mmmm
161111 ,1179
11·. 11119212

1111111141111611 667, 15

6. 677 ,11 ,,
111111661177111 ,
1110161184 759, ὅ

11111·11616724,5 ’
116111116661696,5 ,
intentus ,9195 .
interciderit 671, 4
11111111661990,5’

intercurrentis 7424

6 129,

1111111116 29, 6.70,1,181, 8.

1116611 166, 5, 515, 65961,

1161117161· 219, 1, 5924. 659,.

1116111117 2 ··.,·

29

inviolatus 251, 5

. 1117116761, 7, 7964559, Ι
1111111116, 5
1171111120Βῷ
1111111 1265
11171111 6865
1111111111761,77111,6 549,

1. 7611117177

1161141167 520, 7. 7599
interdictu 658, 2
1161111761 595, 5
1111111161161962, 10
interit 6968

1611116111 1161161111 961, 15
interest 161, 7. 6679
1111611111 576, 11
1611116511 62, 2 1117171175011

1611111111 925, 9. 499, 5 1111161 62111. 565, 15 900, 5.

1171111111 1161113169. 4995 966, 5
1611111 1.15, 6
1611612111, 9

11111116116111,7
16111111161691 695,2
16111111· 22,6’9 1117111111176”,1.925, 8. 91441
11111111 977, 9 1611116 756, 8. 774, 5. 669,
1111171111 911177 10

interitum 91915 11161111 627, 4, 719, 9
’11111-·111111τ1992,6999, 6 11111116 152, 2

interlunia 88, 5 11611161254,9
116117111111111417, 5 1611111716 10 1
1611· 1161 1111· 609, 9 inultis 112, 2
116116111111512,1’1,11111111655’2.740,16
1116161114 1

163333355455, 2411246901.

161176111111711510,10
1116 7711417661 595, 9
1161171141611111 671, 5
1111·.·1,11·1111591,5 1666111150ομ
116111111166660999997,’1111111ςί 7271
9 1116161116 494, 9
1161161116 881 10 16161111557,19
16111111 15, 6 16111111116111906, 6
1611116 716, 8. 8889. 965, 11116111 614,917,,9554,12,
111 51175. 1117
1116111111 492 ’1
11111116 6162

intervalla 1160, 15
intes-6866 6662
intimo 4115 7011176 642, 10
16161111111495, 5 iu 5711, 19,14. 466, 1,9 919,
11606112121 9
1161116111 177, 9 111 1111111171 1111, 16114,
intonsum 96, 1.767,5 16111111,11”1“·590,7
11161111 91126 J'ocuz 11· ,114 7’
1111114111 47116 761111ξὸ, 6299675610 ’
1610666616, 19 7999 7111111264. 106, ’6, 591, ’6
1111111111 444 9 · 711101 3251569, 5. 850, 74·
1616111611 2651 7111111146,9.94,’1
1611111111,11.416,6 1467 iorum.. ·-· ’,7 ³
intumescit 165, 8 7610114409 ,
Ι6711111111599,7,740,15 7011111 425, 7. 616, 1’
1111161111 6366 7111111161 5594
invenias ⁵562 491169 411. ¹687, 6. 601, 8
ί 71111116111101,,1’
7161161620, 91113175 · .
761111112561657 6499 ’
4616001445
11111111161277,’5
· 71111111111459,Ι
11111161· 1666
7117115,1“2,111,9,111,5,209,
7,794,·1

1676111661 05, 5
inveniet 690, 1
1671111111 61³8. 1. 6406
invenisse 886, 8
1671111111 540, 7, 949, 4
inventis 888, 6
1111111161 699, 2
inventore 6664
1166161161 995, 7
inverecundis 466, 8
6611117667·166,6.4’71,210’9,.,1161
inverso 465, 5 19
1111·1111111611.161,6 ,11171 86, 6 177, 5. 566, 1.
1671611116171911 121,9.’ 11’11,9
1611111616 717 4 90014ἢ 1.11,16 21244,
1611116110,9.55·2,5543,9 Ι12292,.’4012.,91,6.2’56,
invictam 6 94115 950,1919979
16111111 47911 ,
4611111960 96019. 614, 7 727, 5 Ι
0 5ο111ρ11141771161912,6 ’
11112411 8. 2¹67, 4412219
521, 6 599,.’4 6579796,
, 17171111·,1,’117,11’
16711111616526, 11 111146111’11111·111·11 741, ’1
16116661574,’11.599,6 11111111661111112. 66,5915,
inm-61:616& · 5 ,
161111161111241,5 · 161166616161014. 5555
11116161111124 11111111111111727,10111,7 ,.
1111·1ι,··111111 11774 111711,,69“4 997 557, 9 740,
’·161111111119,’1 11. 5121

Invictus 594, 5
11111041 4ἳ1,1, 597, 4, 775, 5
1611111111 4511, 5

· 61161117711666711, 11116111,161111.,3119,,1

12. , 661,6,.”,,677 ’
1116619966 · 117661195910

. 1611111111125,4..’196,5.1172,6. 1111,·259,.’1.,747 6
’ 0ῂο 6730674013,1116117669

16111166 667, 42, 697, 10. 642, irasci 688, ’7
1 1171116 549, 2

6116116666762611) 1111111569 ,,5659,2.6955
11111611 70019 1111111615, ’1
1111·111ο971,’5539,9 11111119217499,6
1111111619221, 727, 19 740, iratum 451, 2 6956. 715,

17 776. ⁰ 614· ⁵

 

, 7611116119 122694. 4449 . ·

495,7,’,,49311’,49556’06, ·

